N,Z,A,EL,m
0,1,1,H,1.007825032
1,1,2,H,2.014101778
2,1,3,H,3.016049278
1,2,3,He,3.016029319
0,3,3,Li,3.030775
3,1,4,H,4.027806424
2,2,4,He,4.002603254
1,3,4,Li,4.027185558
4,1,5,H,5.035311488
3,2,5,He,5.012223624
2,3,5,Li,5.0125378
1,4,5,Be,5.04079
5,1,6,H,6.044942594
4,2,6,He,6.018889124
3,3,6,Li,6.015122794
2,4,6,Be,6.019726317
1,5,6,B,6.04681
6,1,7,H,7.052749
5,2,7,He,7.028020618
4,3,7,Li,7.016004548
3,4,7,Be,7.016929828
2,5,7,B,7.029917901
6,2,8,He,8.033921897
5,3,8,Li,8.022487362
4,4,8,Be,8.005305103
3,5,8,B,8.024607233
2,6,8,C,8.037675025
7,2,9,He,9.043950286
6,3,9,Li,9.026789505
5,4,9,Be,9.012182201
4,5,9,B,9.013328782
3,6,9,C,9.031036689
8,2,10,He,10.05239884
7,3,10,Li,10.03548126
6,4,10,Be,10.01353382
5,5,10,B,10.01293699
4,6,10,C,10.01685323
3,7,10,N,10.04165367
8,3,11,Li,11.04379772
7,4,11,Be,11.02165775
6,5,11,B,11.00930541
5,6,11,C,11.01143361
4,7,11,N,11.02609096
9,3,12,Li,12.05378
8,4,12,Be,12.02692074
7,5,12,B,12.0143521
6,6,12,C,12
5,7,12,N,12.0186132
4,8,12,O,12.0344049
9,4,13,Be,13.03569301
8,5,13,B,13.01778022
7,6,13,C,13.00335484
6,7,13,N,13.00573861
5,8,13,O,13.02481221
10,4,14,Be,14.04289292
9,5,14,B,14.02540401
8,6,14,C,14.00324199
7,7,14,N,14.003074
6,8,14,O,14.00859625
5,9,14,F,14.03506
11,4,15,Be,15.05346
10,5,15,B,15.03110302
9,6,15,C,15.01059926
8,7,15,N,15.0001089
7,8,15,O,15.00306562
6,9,15,F,15.0180091
12,4,16,Be,16.06192
11,5,16,B,16.03980883
10,6,16,C,16.01470125
9,7,16,N,16.00610166
8,8,16,O,15.99491462
7,9,16,F,16.01146572
6,10,16,Ne,16.02576126
12,5,17,B,17.04698991
11,6,17,C,17.02258612
10,7,17,N,17.00845026
9,8,17,O,16.9991317
8,9,17,F,17.00209524
7,10,17,Ne,17.0176715
13,5,18,B,18.05617
12,6,18,C,18.02675935
11,7,18,N,18.01407896
10,8,18,O,17.999161
9,9,18,F,18.00093796
8,10,18,Ne,18.00570821
7,11,18,Na,18.025969
14,5,19,B,19.06373
13,6,19,C,19.03480502
12,7,19,N,19.0170287
11,8,19,O,19.00358013
10,9,19,F,18.99840322
9,10,19,Ne,19.00188025
8,11,19,Na,19.0138775
7,12,19,Mg,19.03547
14,6,20,C,20.04031975
13,7,20,N,20.02336581
12,8,20,O,20.00407674
11,9,20,F,19.99998132
10,10,20,Ne,19.99244018
9,11,20,Na,20.00735133
8,12,20,Mg,20.01886255
15,6,21,C,21.04934
14,7,21,N,21.02710824
13,8,21,O,21.00865589
12,9,21,F,20.99994895
11,10,21,Ne,20.99384668
10,11,21,Na,20.99765521
9,12,21,Mg,21.01171291
8,13,21,Al,21.02804
16,6,22,C,22.0572
15,7,22,N,22.03439493
14,8,22,O,22.00996695
13,9,22,F,22.00299882
12,10,22,Ne,21.99138511
11,11,22,Na,21.99443643
10,12,22,Mg,21.99957384
9,13,22,Al,22.01952
8,14,22,Si,22.03453
16,7,23,N,23.04122
15,8,23,O,23.01568766
14,9,23,F,23.00357463
13,10,23,Ne,22.9944669
12,11,23,Na,22.98976928
11,12,23,Mg,22.99412367
10,13,23,Al,23.00726743
9,14,23,Si,23.02552
17,7,24,N,24.05104
16,8,24,O,24.02047292
15,9,24,F,24.00811549
14,10,24,Ne,23.99361078
13,11,24,Na,23.99096278
12,12,24,Mg,23.9850417
11,13,24,Al,23.99993887
10,14,24,Si,24.01154562
9,15,24,P,24.03435
18,7,25,N,25.06066
17,8,25,O,25.02946
16,9,25,F,25.01210175
15,10,25,Ne,24.99773689
14,11,25,Na,24.98995397
13,12,25,Mg,24.98583692
12,13,25,Al,24.9904281
11,14,25,Si,25.00410557
10,15,25,P,25.02026
18,8,26,O,26.03834
17,9,26,F,26.01961556
16,10,26,Ne,26.00046121
15,11,26,Na,25.992633
14,12,26,Mg,25.98259293
13,13,26,Al,25.98689169
12,14,26,Si,25.99232992
11,15,26,P,26.01178
10,16,26,S,26.02788
19,8,27,O,27.04826
18,9,27,F,27.02676009
17,10,27,Ne,27.0075899
16,11,27,Na,26.99407679
15,12,27,Mg,26.98434059
14,13,27,Al,26.98153863
13,14,27,Si,26.98670491
12,15,27,P,26.99923024
11,16,27,S,27.018833
20,8,28,O,28.05781
19,9,28,F,28.03567
18,10,28,Ne,28.01207158
17,11,28,Na,27.998938
16,12,28,Mg,27.98387683
15,13,28,Al,27.98191031
14,14,28,Si,27.97692653
13,15,28,P,27.99231476
12,16,28,S,28.00437276
11,17,28,Cl,28.02851
20,9,29,F,29.04326
19,10,29,Ne,29.01938593
18,11,29,Na,29.002861
17,12,29,Mg,28.9886
16,13,29,Al,28.98044505
15,14,29,Si,28.9764947
14,15,29,P,28.98180061
13,16,29,S,28.99660805
12,17,29,Cl,29.01411
21,9,30,F,30.0525
20,10,30,Ne,30.02480105
19,11,30,Na,30.008976
18,12,30,Mg,29.990434
17,13,30,Al,29.98296026
16,14,30,Si,29.97377017
15,15,30,P,29.97831379
14,16,30,S,29.98490325
13,17,30,Cl,30.00477
12,18,30,Ar,30.02156
22,9,31,F,31.060429
21,10,31,Ne,31.03311
20,11,31,Na,31.01358545
19,12,31,Mg,30.996546
18,13,31,Al,30.98394662
17,14,31,Si,30.97536323
16,15,31,P,30.97376163
15,16,31,S,30.97955473
14,17,31,Cl,30.99241309
13,18,31,Ar,31.012123
22,10,32,Ne,32.04002
21,11,32,Na,32.02046656
20,12,32,Mg,31.998975
19,13,32,Al,31.98812449
18,14,32,Si,31.97414808
17,15,32,P,31.97390727
16,16,32,S,31.972071
15,17,32,Cl,31.9856899
14,18,32,Ar,31.99763798
13,19,32,K,32.02192
23,10,33,Ne,33.04938
22,11,33,Na,33.02671976
21,12,33,Mg,33.005254
20,13,33,Al,32.99084334
19,14,33,Si,32.97800022
18,15,33,P,32.97172554
17,16,33,S,32.97145876
16,17,33,Cl,32.97745189
15,18,33,Ar,32.98992571
14,19,33,K,33.00726
24,10,34,Ne,34.057028
23,11,34,Na,34.03517
22,12,34,Mg,34.00945642
21,13,34,Al,33.99685184
20,14,34,Si,33.97857552
19,15,34,P,33.97363626
18,16,34,S,33.9678669
17,17,34,Cl,33.97376282
16,18,34,Ar,33.98027124
15,19,34,K,33.99841
14,20,34,Ca,34.01412
24,11,35,Na,35.042493
23,12,35,Mg,35.01734
22,13,35,Al,34.99986024
21,14,35,Si,34.98458358
20,15,35,P,34.97331412
19,16,35,S,34.96903216
18,17,35,Cl,34.96885268
17,18,35,Ar,34.97525759
16,19,35,K,34.98800969
15,20,35,Ca,35.00494
25,11,36,Na,36.05148
24,12,36,Mg,36.023
23,13,36,Al,36.0062072
22,14,36,Si,35.98659948
21,15,36,P,35.97825968
20,16,36,S,35.96708076
19,17,36,Cl,35.96830698
18,18,36,Ar,35.96754511
17,19,36,K,35.98129224
16,20,36,Ca,35.99308706
15,21,36,Sc,36.01492
26,11,37,Na,37.05934
25,12,37,Mg,37.0314
24,13,37,Al,37.01067782
23,14,37,Si,36.99293608
22,15,37,P,36.97960895
21,16,37,S,36.97112557
20,17,37,Cl,36.96590259
19,18,37,Ar,36.96677632
18,19,37,K,36.97337589
17,20,37,Ca,36.98587027
16,21,37,Sc,37.00305
26,12,38,Mg,38.03757
25,13,38,Al,38.01723102
24,14,38,Si,37.9956336
23,15,38,P,37.98415683
22,16,38,S,37.97116332
21,17,38,Cl,37.96801043
20,18,38,Ar,37.96273239
19,19,38,K,37.96908118
18,20,38,Ca,37.97631845
17,21,38,Sc,37.9947
16,22,38,Ti,38.00977
27,12,39,Mg,39.046772
26,13,39,Al,39.02297
25,14,39,Si,39.00207001
24,15,39,P,38.98617948
23,16,39,S,38.97513431
22,17,39,Cl,38.96800816
21,18,39,Ar,38.96431323
20,19,39,K,38.96370668
19,20,39,Ca,38.97071973
18,21,39,Sc,38.98479
17,22,39,Ti,39.00161
28,12,40,Mg,40.05393
27,13,40,Al,40.03145
26,14,40,Si,40.00586912
25,15,40,P,39.99129695
24,16,40,S,39.97545173
23,17,40,Cl,39.97041547
22,18,40,Ar,39.96238312
21,19,40,K,39.96399848
20,20,40,Ca,39.96259098
19,21,40,Sc,39.97796741
18,22,40,Ti,39.99049884
17,23,40,V,40.01109
28,13,41,Al,41.03833
27,14,41,Si,41.01456
26,15,41,P,40.99433544
25,16,41,S,40.97958215
24,17,41,Cl,40.97068453
23,18,41,Ar,40.96450061
22,19,41,K,40.96182576
21,20,41,Ca,40.96227806
20,21,41,Sc,40.96925113
19,22,41,Ti,40.983145
18,23,41,V,40.99978
29,13,42,Al,42.04689
28,14,42,Si,42.01979
27,15,42,P,42.00100791
26,16,42,S,41.98102242
25,17,42,Cl,41.9732548
24,18,42,Ar,41.96304574
23,19,42,K,41.96240281
22,20,42,Ca,41.95861801
21,21,42,Sc,41.96551643
20,22,42,Ti,41.9730309
19,23,42,V,41.99123
18,24,42,Cr,42.00643
29,14,43,Si,43.02866
28,15,43,P,43.00619
27,16,43,S,42.98715479
26,17,43,Cl,42.9740544
25,18,43,Ar,42.96563606
24,19,43,K,42.96071554
23,20,43,Ca,42.95876663
22,21,43,Sc,42.96115066
21,22,43,Ti,42.9685225
20,23,43,V,42.98065
19,24,43,Cr,42.99771
30,14,44,Si,44.03526
29,15,44,P,44.01299
28,16,44,S,43.99021339
27,17,44,Cl,43.97828107
26,18,44,Ar,43.96492403
25,19,44,K,43.9615568
24,20,44,Ca,43.95548175
23,21,44,Sc,43.95940275
22,22,44,Ti,43.95969007
21,23,44,V,43.97411
20,24,44,Cr,43.985549
19,25,44,Mn,44.00687
30,15,45,P,45.01922
29,16,45,S,44.99650811
28,17,45,Cl,44.98028689
27,18,45,Ar,44.96803996
26,19,45,K,44.96069949
25,20,45,Ca,44.95618657
24,21,45,Sc,44.95591191
23,22,45,Ti,44.95812562
22,23,45,V,44.96577581
21,24,45,Cr,44.97964
20,25,45,Mn,44.99451
19,26,45,Fe,45.014578
31,15,46,P,46.02738
30,16,46,S,46.00075
29,17,46,Cl,45.98421004
28,18,46,Ar,45.96809413
27,19,46,K,45.96197686
26,20,46,Ca,45.95369259
25,21,46,Sc,45.95517189
24,22,46,Ti,45.95263156
23,23,46,V,45.96020048
22,24,46,Cr,45.96835864
21,25,46,Mn,45.98672
20,26,46,Fe,46.00081
31,16,47,S,47.00859
30,17,47,Cl,46.98871
29,18,47,Ar,46.97218679
28,19,47,K,46.96167847
27,20,47,Ca,46.95454601
26,21,47,Sc,46.95240751
25,22,47,Ti,46.95176309
24,23,47,V,46.95490894
23,24,47,Cr,46.96290005
22,25,47,Mn,46.9761
21,26,47,Fe,46.99289
20,27,47,Co,47.01149
32,16,48,S,48.01417
31,17,48,Cl,47.99495
30,18,48,Ar,47.97454
29,19,48,K,47.96551354
28,20,48,Ca,47.95253418
27,21,48,Sc,47.95223147
26,22,48,Ti,47.94794628
25,23,48,V,47.95225371
24,24,48,Cr,47.95403172
23,25,48,Mn,47.96852
22,26,48,Fe,47.980504
21,27,48,Co,48.00176
20,28,48,Ni,48.01975
33,16,49,S,49.023619
32,17,49,Cl,49.00032
31,18,49,Ar,48.98052
30,19,49,K,48.96745093
29,20,49,Ca,48.95567415
28,21,49,Sc,48.95002398
27,22,49,Ti,48.94786998
26,23,49,V,48.9485161
25,24,49,Cr,48.95133572
24,25,49,Mn,48.95961801
23,26,49,Fe,48.97361
22,27,49,Co,48.98972
21,28,49,Ni,49.00966
33,17,50,Cl,50.00784
32,18,50,Ar,49.98443
31,19,50,K,49.97278336
30,20,50,Ca,49.95751896
29,21,50,Sc,49.95218769
28,22,50,Ti,49.94479119
27,23,50,V,49.94715849
26,24,50,Cr,49.94604421
25,25,50,Mn,49.95423823
24,26,50,Fe,49.96298898
23,27,50,Co,49.98154
22,28,50,Ni,49.99593
34,17,51,Cl,51.01449
33,18,51,Ar,50.99163
32,19,51,K,50.97638
31,20,51,Ca,50.96149921
30,21,51,Sc,50.95360337
29,22,51,Ti,50.94661496
28,23,51,V,50.94395951
27,24,51,Cr,50.94476743
26,25,51,Mn,50.94821079
25,26,51,Fe,50.95681954
24,27,51,Co,50.97072
23,28,51,Ni,50.98772
34,18,52,Ar,51.99678
33,19,52,K,51.98261
32,20,52,Ca,51.9651
31,21,52,Sc,51.95667547
30,22,52,Ti,51.94689731
29,23,52,V,51.94477548
28,24,52,Cr,51.94050747
27,25,52,Mn,51.94556546
26,26,52,Fe,51.94811388
25,27,52,Co,51.96359
24,28,52,Ni,51.97568
23,29,52,Cu,51.99718
35,18,53,Ar,53.00494
34,19,53,K,52.98712
33,20,53,Ca,52.97005
32,21,53,Sc,52.95961
31,22,53,Ti,52.94972717
30,23,53,V,52.94433798
29,24,53,Cr,52.94064939
28,25,53,Mn,52.94129012
27,26,53,Fe,52.94530794
26,27,53,Co,52.9542189
25,28,53,Ni,52.96847
24,29,53,Cu,52.98555
35,19,54,K,53.9942
34,20,54,Ca,53.97435
33,21,54,Sc,53.96326456
32,22,54,Ti,53.9510524
31,23,54,V,53.94643985
30,24,54,Cr,53.9388804
29,25,54,Mn,53.94035885
28,26,54,Fe,53.9396105
27,27,54,Co,53.94845964
26,28,54,Ni,53.9579055
25,29,54,Cu,53.97671
24,30,54,Zn,53.99295
36,19,55,K,54.99971
35,20,55,Ca,54.98055
34,21,55,Sc,54.96824395
33,22,55,Ti,54.95526506
32,23,55,V,54.9472337
31,24,55,Cr,54.94083967
30,25,55,Mn,54.93804514
29,26,55,Fe,54.93829336
28,27,55,Co,54.94199903
27,28,55,Ni,54.95133025
26,29,55,Cu,54.96605
25,30,55,Zn,54.98398
36,20,56,Ca,55.98557
35,21,56,Sc,55.97287
34,22,56,Ti,55.95819964
33,23,56,V,55.95053097
32,24,56,Cr,55.94065314
31,25,56,Mn,55.93890491
30,26,56,Fe,55.93493748
29,27,56,Co,55.93983928
28,28,56,Ni,55.94213202
27,29,56,Cu,55.95856
26,30,56,Zn,55.97238
25,31,56,Ga,55.99491
37,20,57,Ca,56.992356
36,21,57,Sc,56.97779
35,22,57,Ti,56.96398914
34,23,57,V,56.95256143
33,24,57,Cr,56.94361301
32,25,57,Mn,56.93828538
31,26,57,Fe,56.93539397
30,27,57,Co,56.93629137
29,28,57,Ni,56.93979353
28,29,57,Cu,56.94921108
27,30,57,Zn,56.964788
26,31,57,Ga,56.98293
37,21,58,Sc,57.98371
36,22,58,Ti,57.96697
35,23,58,V,57.95683414
34,24,58,Cr,57.94435313
33,25,58,Mn,57.93998155
32,26,58,Fe,57.93327556
31,27,58,Co,57.93575281
30,28,58,Ni,57.93534291
29,29,58,Cu,57.9445385
28,30,58,Zn,57.95459156
27,31,58,Ga,57.97425
26,32,58,Ge,57.99101
38,21,59,Sc,58.98922
37,22,59,Ti,58.97293
36,23,59,V,58.96020741
35,24,59,Cr,58.94858637
34,25,59,Mn,58.94044024
33,26,59,Fe,58.93487546
32,27,59,Co,58.93319505
31,28,59,Ni,58.93434671
30,29,59,Cu,58.93949803
29,30,59,Zn,58.94926376
28,31,59,Ga,58.96337
27,32,59,Ge,58.98175
39,21,60,Sc,59.99571
38,22,60,Ti,59.97676
37,23,60,V,59.96502686
36,24,60,Cr,59.95007603
35,25,60,Mn,59.94291125
34,26,60,Fe,59.93407168
33,27,60,Co,59.93381706
32,28,60,Ni,59.93078637
31,29,60,Cu,59.93736503
30,30,60,Zn,59.94182704
29,31,60,Ga,59.95706
28,32,60,Ge,59.97019
27,33,60,As,59.99313
39,22,61,Ti,60.9832
38,23,61,V,60.96848
37,24,61,Cr,60.9547172
36,25,61,Mn,60.94465264
35,26,61,Fe,60.93674528
34,27,61,Co,60.93247576
33,28,61,Ni,60.93105603
32,29,61,Cu,60.93345782
31,30,61,Zn,60.93951064
30,31,61,Ga,60.94944629
29,32,61,Ge,60.96379
28,33,61,As,60.98062
40,22,62,Ti,61.98749
39,23,62,V,61.97378
38,24,62,Cr,61.95661319
37,25,62,Mn,61.94842822
36,26,62,Fe,61.93676744
35,27,62,Co,61.93405056
34,28,62,Ni,61.92834512
33,29,62,Cu,61.93258375
32,30,62,Zn,61.93432976
31,31,62,Ga,61.94417524
30,32,62,Ge,61.95465
29,33,62,As,61.9732
41,22,63,Ti,62.99442
40,23,63,V,62.97755
39,24,63,Cr,62.96186
38,25,63,Mn,62.95023999
37,26,63,Fe,62.94036909
36,27,63,Co,62.93361161
35,28,63,Ni,62.92966937
34,29,63,Cu,62.92959747
33,30,63,Zn,62.93321157
32,31,63,Ga,62.9392942
31,32,63,Ge,62.94964
30,33,63,As,62.96369
41,23,64,V,63.98347
40,24,64,Cr,63.96441
39,25,64,Mn,63.95424909
38,26,64,Fe,63.94120127
37,27,64,Co,63.93580991
36,28,64,Ni,63.92796596
35,29,64,Cu,63.92976418
34,30,64,Zn,63.92914222
33,31,64,Ga,63.93683875
32,32,64,Ge,63.941653
31,33,64,As,63.957572
42,23,65,V,64.98792
41,24,65,Cr,64.97016
40,25,65,Mn,64.95633607
39,26,65,Fe,64.94538027
38,27,65,Co,64.93647846
37,28,65,Ni,64.9300843
36,29,65,Cu,64.92778949
35,30,65,Zn,64.92924098
34,31,65,Ga,64.93273475
33,32,65,Ge,64.93943641
32,33,65,As,64.949564
31,34,65,Se,64.96466
42,24,66,Cr,65.97338
41,25,66,Mn,65.96108
40,26,66,Fe,65.94678064
39,27,66,Co,65.939762
38,28,66,Ni,65.92913933
37,29,66,Cu,65.92886881
36,30,66,Zn,65.92603342
35,31,66,Ga,65.93158901
34,32,66,Ge,65.93384345
33,33,66,As,65.94471
32,34,66,Se,65.95521
43,24,67,Cr,66.97955
42,25,67,Mn,66.96414
41,26,67,Fe,66.95094724
40,27,67,Co,66.94088953
39,28,67,Ni,66.93156941
38,29,67,Cu,66.92773031
37,30,67,Zn,66.92712735
36,31,67,Ga,66.9282017
35,32,67,Ge,66.93273407
34,33,67,As,66.93918607
33,34,67,Se,66.95009
32,35,67,Br,66.96479
43,25,68,Mn,67.9693
42,26,68,Fe,67.9537
41,27,68,Co,67.94487306
40,28,68,Ni,67.93186879
39,29,68,Cu,67.92961089
38,30,68,Zn,67.92484415
37,31,68,Ga,67.92798008
36,32,68,Ge,67.92809424
35,33,68,As,67.93676907
34,34,68,Se,67.941798
33,35,68,Br,67.958516
44,25,69,Mn,68.97284
43,26,69,Fe,68.95878
42,27,69,Co,68.94632
41,28,69,Ni,68.93561027
40,29,69,Cu,68.92942927
39,30,69,Zn,68.92655028
38,31,69,Ga,68.92557359
37,32,69,Ge,68.92796453
36,33,69,As,68.93227368
35,34,69,Se,68.93955782
34,35,69,Br,68.950106
33,36,69,Kr,68.96518
44,26,70,Fe,69.96146
43,27,70,Co,69.951
42,28,70,Ni,69.9365
41,29,70,Cu,69.93239234
40,30,70,Zn,69.92531927
39,31,70,Ga,69.92602197
38,32,70,Ge,69.92424738
37,33,70,As,69.93092483
36,34,70,Se,69.93339064
35,35,70,Br,69.944792
34,36,70,Kr,69.955259
45,26,71,Fe,70.96672
44,27,71,Co,70.9529
43,28,71,Ni,70.94073628
42,29,71,Cu,70.93267683
41,30,71,Zn,70.9277216
40,31,71,Ga,70.92470135
39,32,71,Ge,70.92495095
38,33,71,As,70.92711243
37,34,71,Se,70.93224182
36,35,71,Br,70.93874
35,36,71,Kr,70.94962574
34,37,71,Rb,70.96532
46,26,72,Fe,71.96962
45,27,72,Co,71.95781
44,28,72,Ni,71.94209268
43,29,72,Cu,71.93582031
42,30,72,Zn,71.92685795
41,31,72,Ga,71.92636627
40,32,72,Ge,71.92207582
39,33,72,As,71.92675228
38,34,72,Se,71.92711235
37,35,72,Br,71.93664457
36,36,72,Kr,71.94209204
35,37,72,Rb,71.95908
46,27,73,Co,72.96024
45,28,73,Ni,72.94647
44,29,73,Cu,72.93667528
43,30,73,Zn,72.9297791
42,31,73,Ga,72.92517468
41,32,73,Ge,72.92345895
40,33,73,As,72.92382484
39,34,73,Se,72.92676535
38,35,73,Br,72.93169152
37,36,73,Kr,72.9392892
36,37,73,Rb,72.950561
35,38,73,Sr,72.96597
47,27,74,Co,73.96538
46,28,74,Ni,73.94807
45,29,74,Cu,73.93987486
44,30,74,Zn,73.92945861
43,31,74,Ga,73.92694576
42,32,74,Ge,73.92117777
41,33,74,As,73.92392869
40,34,74,Se,73.92247644
39,35,74,Br,73.92989103
38,36,74,Kr,73.93308437
37,37,74,Rb,73.94426475
36,38,74,Sr,73.95631
48,27,75,Co,74.96833
47,28,75,Ni,74.95287
46,29,75,Cu,74.9419
45,30,75,Zn,74.93293674
44,31,75,Ga,74.92650025
43,32,75,Ge,74.92285895
42,33,75,As,74.92159648
41,34,75,Se,74.92252337
40,35,75,Br,74.92577621
39,36,75,Kr,74.93094575
38,37,75,Rb,74.93857
37,38,75,Sr,74.94994957
48,28,76,Ni,75.95533
47,29,76,Cu,75.94527503
46,30,76,Zn,75.93329357
45,31,76,Ga,75.92882763
44,32,76,Ge,75.92140256
43,33,76,As,75.92239402
42,34,76,Se,75.9192136
41,35,76,Br,75.92454147
40,36,76,Kr,75.92591008
39,37,76,Rb,75.93507223
38,38,76,Sr,75.94176678
37,39,76,Y,75.95845
49,28,77,Ni,76.96055
48,29,77,Cu,76.94785
47,30,77,Zn,76.93695897
46,31,77,Ga,76.9291543
45,32,77,Ge,76.92354859
44,33,77,As,76.92064729
43,34,77,Se,76.91991404
42,35,77,Br,76.92137908
41,36,77,Kr,76.92467
40,37,77,Rb,76.930408
39,38,77,Sr,76.93794478
38,39,77,Y,76.949645
50,28,78,Ni,77.96318
49,29,78,Cu,77.95196
48,30,78,Zn,77.93844022
47,31,78,Ga,77.93160818
46,32,78,Ge,77.92285274
45,33,78,As,77.92182728
44,34,78,Se,77.91730909
43,35,78,Br,77.92114571
42,36,78,Kr,77.92036478
41,37,78,Rb,77.928141
40,38,78,Sr,77.93218
39,39,78,Y,77.94361
38,40,78,Zr,77.95523
50,29,79,Cu,78.95456
49,30,79,Zn,78.942652
48,31,79,Ga,78.93289326
47,32,79,Ge,78.925401
46,33,79,As,78.92094793
45,34,79,Se,78.9184991
44,35,79,Br,78.91833709
43,36,79,Kr,78.92008243
42,37,79,Rb,78.92398946
41,38,79,Sr,78.929708
40,39,79,Y,78.93735163
39,40,79,Zr,78.94916
51,29,80,Cu,79.96087
50,30,80,Zn,79.94434235
49,31,80,Ga,79.93651578
48,32,80,Ge,79.92537239
47,33,80,As,79.92253382
46,34,80,Se,79.91652127
45,35,80,Br,79.9185293
44,36,80,Kr,79.91637897
43,37,80,Rb,79.92251925
42,38,80,Sr,79.92452101
41,39,80,Y,79.93428
40,40,80,Zr,79.9404
51,30,81,Zn,80.95048
50,31,81,Ga,80.93775236
49,32,81,Ge,80.92882047
48,33,81,As,80.92213229
47,34,81,Se,80.91799247
46,35,81,Br,80.91629056
45,36,81,Kr,80.91659202
44,37,81,Rb,80.91899591
43,38,81,Sr,80.92321185
42,39,81,Y,80.92912747
41,40,81,Zr,80.93721003
40,41,81,Nb,80.94903
52,30,82,Zn,81.95442
51,31,82,Ga,81.94299
50,32,82,Ge,81.92954973
49,33,82,As,81.92450407
48,34,82,Se,81.9166994
47,35,82,Br,81.91680412
46,36,82,Kr,81.9134836
45,37,82,Rb,81.9182086
44,38,82,Sr,81.91840164
43,39,82,Y,81.92679245
42,40,82,Zr,81.931087
41,41,82,Nb,81.94313
53,30,83,Zn,82.96103
52,31,83,Ga,82.94698
51,32,83,Ge,82.93462
50,33,83,As,82.92498002
49,34,83,Se,82.91911847
48,35,83,Br,82.91518042
47,36,83,Kr,82.9141361
46,37,83,Rb,82.9151097
45,38,83,Sr,82.9175567
44,39,83,Y,82.92235424
43,40,83,Zr,82.9286538
42,41,83,Nb,82.93670538
41,42,83,Mo,82.94874
53,31,84,Ga,83.95265
52,32,84,Ge,83.93747
51,33,84,As,83.929058
50,34,84,Se,83.91846235
49,35,84,Br,83.91647897
48,36,84,Kr,83.91150669
47,37,84,Rb,83.91438482
46,38,84,Sr,83.91342528
45,39,84,Y,83.92038826
44,40,84,Zr,83.92325
43,41,84,Nb,83.93357
42,42,84,Mo,83.94009
54,31,85,Ga,84.957
53,32,85,Ge,84.94303
52,33,85,As,84.93202
51,34,85,Se,84.92224505
50,35,85,Br,84.9156084
49,36,85,Kr,84.91252733
48,37,85,Rb,84.91178974
47,38,85,Sr,84.9129328
46,39,85,Y,84.91643304
45,40,85,Zr,84.92147118
44,41,85,Nb,84.92791245
43,42,85,Mo,84.93655
42,43,85,Tc,84.94883
55,31,86,Ga,85.96312
54,32,86,Ge,85.94649
53,33,86,As,85.9365
52,34,86,Se,85.92427158
51,35,86,Br,85.91879758
50,36,86,Kr,85.91061073
49,37,86,Rb,85.91116742
48,38,86,Sr,85.9092602
47,39,86,Y,85.91488558
46,40,86,Zr,85.91647359
45,41,86,Nb,85.92503833
44,42,86,Mo,85.9306959
43,43,86,Tc,85.94288
55,32,87,Ge,86.95251
54,33,87,As,86.9399
53,34,87,Se,86.92852136
52,35,87,Br,86.92071132
51,36,87,Kr,86.91335486
50,37,87,Rb,86.90918053
49,38,87,Sr,86.90887712
48,39,87,Y,86.91087573
47,40,87,Zr,86.91481625
46,41,87,Nb,86.92036111
45,42,87,Mo,86.9273265
44,43,87,Tc,86.93653
43,44,87,Ru,86.94918
56,32,88,Ge,87.95691
55,33,88,As,87.94494
54,34,88,Se,87.931424
53,35,88,Br,87.92406593
52,36,88,Kr,87.91444697
51,37,88,Rb,87.91131559
50,38,88,Sr,87.90561212
49,39,88,Y,87.90950115
48,40,88,Zr,87.9102269
47,41,88,Nb,87.91833216
46,42,88,Mo,87.92195324
45,43,88,Tc,87.932678
44,44,88,Ru,87.94026
57,32,89,Ge,88.96383
56,33,89,As,88.94939
55,34,89,Se,88.93645
54,35,89,Br,88.92638533
53,36,89,Kr,88.91763058
52,37,89,Rb,88.91227802
51,38,89,Sr,88.90745068
50,39,89,Y,88.9058483
49,40,89,Zr,88.9088895
48,41,89,Nb,88.91341825
47,42,89,Mo,88.91948001
46,43,89,Tc,88.927167
45,44,89,Ru,88.93611
44,45,89,Rh,88.948837
57,33,90,As,89.9555
56,34,90,Se,89.93996
55,35,90,Br,89.93062774
54,36,90,Kr,89.91951656
53,37,90,Rb,89.91480169
52,38,90,Sr,89.90773789
51,39,90,Y,89.90715189
50,40,90,Zr,89.90470442
49,41,90,Nb,89.91126485
48,42,90,Mo,89.9139369
47,43,90,Tc,89.92355656
46,44,90,Ru,89.92989
45,45,90,Rh,89.94287
58,33,91,As,90.96043
57,34,91,Se,90.94596
56,35,91,Br,90.9339681
55,36,91,Kr,90.92344522
54,37,91,Rb,90.91653696
53,38,91,Sr,90.9102031
52,39,91,Y,90.90730479
51,40,91,Zr,90.90564577
50,41,91,Nb,90.90699624
49,42,91,Mo,90.91175019
48,43,91,Tc,90.91842764
47,44,91,Ru,90.926292
46,45,91,Rh,90.93655
45,46,91,Pd,90.94911
59,33,92,As,91.9668
58,34,92,Se,91.94992
57,35,92,Br,91.93925871
56,36,92,Kr,91.92615621
55,37,92,Rb,91.9197289
54,38,92,Sr,91.91103786
53,39,92,Y,91.90894914
52,40,92,Zr,91.90504085
51,41,92,Nb,91.90719389
50,42,92,Mo,91.90681099
49,43,92,Tc,91.91526017
48,44,92,Ru,91.92012
47,45,92,Rh,91.93198
46,46,92,Pd,91.94042
59,34,93,Se,92.95629
58,35,93,Br,92.94305
57,36,93,Kr,92.93127436
56,37,93,Rb,92.92204188
55,38,93,Sr,92.91402563
54,39,93,Y,92.90958271
53,40,93,Zr,92.90647601
52,41,93,Nb,92.90637806
51,42,93,Mo,92.90681261
50,43,93,Tc,92.91024898
49,44,93,Ru,92.91705203
48,45,93,Rh,92.92574
47,46,93,Pd,92.93591
46,47,93,Ag,92.94978
60,34,94,Se,93.96049
59,35,94,Br,93.94868
58,36,94,Kr,93.93436
57,37,94,Rb,93.92640495
56,38,94,Sr,93.91536131
55,39,94,Y,93.91159525
54,40,94,Zr,93.90631519
53,41,94,Nb,93.90728389
52,42,94,Mo,93.90508827
51,43,94,Tc,93.909657
50,44,94,Ru,93.91135971
49,45,94,Rh,93.921698
48,46,94,Pd,93.92877
47,47,94,Ag,93.94278
60,35,95,Br,94.95287
59,36,95,Kr,94.93984
58,37,95,Rb,94.92930289
57,38,95,Sr,94.91935877
56,39,95,Y,94.91282062
55,40,95,Zr,94.9080426
54,41,95,Nb,94.90683579
53,42,95,Mo,94.90584213
52,43,95,Tc,94.90765708
51,44,95,Ru,94.91041293
50,45,95,Rh,94.91589874
49,46,95,Pd,94.92469
48,47,95,Ag,94.93548
47,48,95,Cd,94.94987
61,35,96,Br,95.95853
60,36,96,Kr,95.94307
59,37,96,Rb,95.93427264
58,38,96,Sr,95.9216968
57,39,96,Y,95.91589134
56,40,96,Zr,95.90827339
55,41,96,Nb,95.90810065
54,42,96,Mo,95.90467948
53,43,96,Tc,95.90787138
52,44,96,Ru,95.90759784
51,45,96,Rh,95.91446063
50,46,96,Pd,95.91816436
49,47,96,Ag,95.93068
48,48,96,Cd,95.93977
62,35,97,Br,96.9628
61,36,97,Kr,96.94856
60,37,97,Rb,96.93735192
59,38,97,Sr,96.92615292
58,39,97,Y,96.918134
57,40,97,Zr,96.91095311
56,41,97,Nb,96.90809856
55,42,97,Mo,96.90602147
54,43,97,Tc,96.90636536
53,44,97,Ru,96.9075547
52,45,97,Rh,96.9113368
51,46,97,Pd,96.91647907
50,47,97,Ag,96.92397241
49,48,97,Cd,96.93494
48,49,97,In,96.94954
62,36,98,Kr,97.95191
61,37,98,Rb,97.94179067
60,38,98,Sr,97.92845293
59,39,98,Y,97.92220302
58,40,98,Zr,97.91273489
57,41,98,Nb,97.91032841
56,42,98,Mo,97.90540817
55,43,98,Tc,97.90721597
54,44,98,Ru,97.90528713
53,45,98,Rh,97.91070816
52,46,98,Pd,97.9127209
51,47,98,Ag,97.9215662
50,48,98,Cd,97.92739555
49,49,98,In,97.94214
63,36,99,Kr,98.9576
62,37,99,Rb,98.94537928
61,38,99,Sr,98.93324093
60,39,99,Y,98.9246362
59,40,99,Zr,98.91651211
58,41,99,Nb,98.91161838
57,42,99,Mo,98.90771187
56,43,99,Tc,98.90625475
55,44,99,Ru,98.9059393
54,45,99,Rh,98.9081321
53,46,99,Pd,98.91176783
52,47,99,Ag,98.91759718
51,48,99,Cd,98.92501
50,49,99,In,98.93422
49,50,99,Sn,98.94933
64,36,100,Kr,99.96114
63,37,100,Rb,99.94987
62,38,100,Sr,99.93535191
61,39,100,Y,99.92775659
60,40,100,Zr,99.91776189
59,41,100,Nb,99.91418162
58,42,100,Mo,99.90747734
57,43,100,Tc,99.90765778
56,44,100,Ru,99.90421948
55,45,100,Rh,99.90812155
54,46,100,Pd,99.90850589
53,47,100,Ag,99.91610426
52,48,100,Cd,99.92028953
51,49,100,In,99.93111085
50,50,100,Sn,99.93904434
64,37,101,Rb,100.9531964
63,38,101,Sr,100.9405179
62,39,101,Y,100.9303139
61,40,101,Zr,100.9211404
60,41,101,Nb,100.915252
59,42,101,Mo,100.910347
58,43,101,Tc,100.9073147
57,44,101,Ru,100.9055821
56,45,101,Rh,100.9061636
55,46,101,Pd,100.9082892
54,47,101,Ag,100.9128022
53,48,101,Cd,100.9186815
52,49,101,In,100.92634
51,50,101,Sn,100.93606
65,37,102,Rb,101.95887
64,38,102,Sr,101.943019
63,39,102,Y,101.9335557
62,40,102,Zr,101.9229813
61,41,102,Nb,101.9180376
60,42,102,Mo,101.9102974
59,43,102,Tc,101.909215
58,44,102,Ru,101.9043493
57,45,102,Rh,101.9068432
56,46,102,Pd,101.9056085
55,47,102,Ag,101.911685
54,48,102,Cd,101.9144623
53,49,102,In,101.9240902
52,50,102,Sn,101.9302953
65,38,103,Sr,102.94895
64,39,103,Y,102.93673
63,40,103,Zr,102.9265996
62,41,103,Nb,102.9191438
61,42,103,Mo,102.9132071
60,43,103,Tc,102.9091814
59,44,103,Ru,102.9063238
58,45,103,Rh,102.9055043
57,46,103,Pd,102.9060873
56,47,103,Ag,102.9089727
55,48,103,Cd,102.9134192
54,49,103,In,102.9199142
53,50,103,Sn,102.9281
52,51,103,Sb,102.93969
66,38,104,Sr,103.95233
65,39,104,Y,103.94105
64,40,104,Zr,103.92878
63,41,104,Nb,103.9224647
62,42,104,Mo,103.9137636
61,43,104,Tc,103.9114475
60,44,104,Ru,103.9054327
59,45,104,Rh,103.9066555
58,46,104,Pd,103.9040358
57,47,104,Ag,103.9086292
56,48,104,Cd,103.9098495
55,49,104,In,103.9182962
54,50,104,Sn,103.9231432
53,51,104,Sb,103.936472
67,38,105,Sr,104.95858
66,39,105,Y,104.94487
65,40,105,Zr,104.93305
64,41,105,Nb,104.9239365
63,42,105,Mo,104.9169746
62,43,105,Tc,104.9116606
61,44,105,Ru,104.9077529
60,45,105,Rh,104.9056938
59,46,105,Pd,104.9050849
58,47,105,Ag,104.9065287
57,48,105,Cd,104.9094679
56,49,105,In,104.9146735
55,50,105,Sn,104.9213494
54,51,105,Sb,104.9314863
53,52,105,Te,104.94364
67,39,106,Y,105.94979
66,40,106,Zr,105.93591
65,41,106,Nb,105.92797
64,42,106,Mo,105.9181368
63,43,106,Tc,105.9143579
62,44,106,Ru,105.9073294
61,45,106,Rh,105.9072871
60,46,106,Pd,105.9034857
59,47,106,Ag,105.9066689
58,48,106,Cd,105.9064594
57,49,106,In,105.9134654
56,50,106,Sn,105.9168806
55,51,106,Sb,105.928791
54,52,106,Te,105.9375042
68,39,107,Y,106.95414
67,40,107,Zr,106.94075
66,41,107,Nb,106.93031
65,42,107,Mo,106.9216926
64,43,107,Tc,106.9150796
63,44,107,Ru,106.9099051
62,45,107,Rh,106.9067484
61,46,107,Pd,106.9051335
60,47,107,Ag,106.9050968
59,48,107,Cd,106.9066179
58,49,107,In,106.9102951
57,50,107,Sn,106.9156443
56,51,107,Sb,106.92415
55,52,107,Te,106.935006
69,39,108,Y,107.95948
68,40,108,Zr,107.94396
67,41,108,Nb,107.93484
66,42,108,Mo,107.923453
65,43,108,Tc,107.9184612
64,44,108,Ru,107.9101735
63,45,108,Rh,107.908728
62,46,108,Pd,107.9038917
61,47,108,Ag,107.9059556
60,48,108,Cd,107.9041837
59,49,108,In,107.9096982
58,50,108,Sn,107.9119254
57,51,108,Sb,107.92216
56,52,108,Te,107.9294446
55,53,108,I,107.943475
69,40,109,Zr,108.94924
68,41,109,Nb,108.93763
67,42,109,Mo,108.92781
66,43,109,Tc,108.9199827
65,44,109,Ru,108.9132032
64,45,109,Rh,108.9087373
63,46,109,Pd,108.9059505
62,47,109,Ag,108.9047523
61,48,109,Cd,108.9049823
60,49,109,In,108.9071505
59,50,109,Sn,108.9112832
58,51,109,Sb,108.9181324
57,52,109,Te,108.9274155
56,53,109,I,108.9381494
70,40,110,Zr,109.95287
69,41,110,Nb,109.94244
68,42,110,Mo,109.92973
67,43,110,Tc,109.9238205
66,44,110,Ru,109.914136
65,45,110,Rh,109.9111364
64,46,110,Pd,109.9051533
63,47,110,Ag,109.9061072
62,48,110,Cd,109.9030021
61,49,110,In,109.9071653
60,50,110,Sn,109.9078428
59,51,110,Sb,109.916753
58,52,110,Te,109.9224073
57,53,110,I,109.935242
56,54,110,Xe,109.9442781
70,41,111,Nb,110.94565
69,42,111,Mo,110.93441
68,43,111,Tc,110.9256928
67,44,111,Ru,110.917696
66,45,111,Rh,110.9115859
65,46,111,Pd,110.9076707
64,47,111,Ag,110.9052912
63,48,111,Cd,110.9041781
62,49,111,In,110.9051033
61,50,111,Sn,110.9077345
60,51,111,Sb,110.913163
59,52,111,Te,110.9211107
58,53,111,I,110.930276
57,54,111,Xe,110.941602
71,41,112,Nb,111.95083
70,42,112,Mo,111.93684
69,43,112,Tc,111.9291465
68,44,112,Ru,111.918965
67,45,112,Rh,111.9143942
66,46,112,Pd,111.9073141
65,47,112,Ag,111.9070048
64,48,112,Cd,111.9027578
63,49,112,In,111.9055323
62,50,112,Sn,111.9048182
61,51,112,Sb,111.912398
60,52,112,Te,111.9170137
59,53,112,I,111.92797
58,54,112,Xe,111.9356231
57,55,112,Cs,111.950301
72,41,113,Nb,112.9547
71,42,113,Mo,112.94188
70,43,113,Tc,112.93159
69,44,113,Ru,112.9224872
68,45,113,Rh,112.9155306
67,46,113,Pd,112.9101529
66,47,113,Ag,112.9065666
65,48,113,Cd,112.9044017
64,49,113,In,112.9040578
63,50,113,Sn,112.9051706
62,51,113,Sb,112.9093717
61,52,113,Te,112.915891
60,53,113,I,112.9236406
59,54,113,Xe,112.9333412
58,55,113,Cs,112.9444933
72,42,114,Mo,113.94492
71,43,114,Tc,113.93588
70,44,114,Ru,113.924281
69,45,114,Rh,113.918806
68,46,114,Pd,113.9103626
67,47,114,Ag,113.9088037
66,48,114,Cd,113.9033585
65,49,114,In,113.9049139
64,50,114,Sn,113.9027789
63,51,114,Sb,113.909269
62,52,114,Te,113.912089
61,53,114,I,113.92185
60,54,114,Xe,113.9279803
59,55,114,Cs,113.94145
58,56,114,Ba,113.9506754
73,42,115,Mo,114.95029
72,43,115,Tc,114.93869
71,44,115,Ru,114.9286862
70,45,115,Rh,114.920334
69,46,115,Pd,114.9136838
68,47,115,Ag,114.9087627
67,48,115,Cd,114.905431
66,49,115,In,114.9038785
65,50,115,Sn,114.9033424
64,51,115,Sb,114.906598
63,52,115,Te,114.911902
62,53,115,I,114.918048
61,54,115,Xe,114.9262939
60,55,115,Cs,114.93591
59,56,115,Ba,114.94737
73,43,116,Tc,115.94337
72,44,116,Ru,115.93081
71,45,116,Rh,115.924062
70,46,116,Pd,115.9141587
69,47,116,Ag,115.9113599
68,48,116,Cd,115.9047558
67,49,116,In,115.9052597
66,50,116,Sn,115.9017405
65,51,116,Sb,115.9067936
64,52,116,Te,115.90846
63,53,116,I,115.9168086
62,54,116,Xe,115.9215811
61,55,116,Cs,115.933367
60,56,116,Ba,115.94138
74,43,117,Tc,116.94648
73,44,117,Ru,116.93558
72,45,117,Rh,116.92598
71,46,117,Pd,116.9178413
70,47,117,Ag,116.9116846
69,48,117,Cd,116.9072186
68,49,117,In,116.9045136
67,50,117,Sn,116.9029517
66,51,117,Sb,116.9048359
65,52,117,Te,116.9086447
64,53,117,I,116.91365
63,54,117,Xe,116.9203587
62,55,117,Cs,116.9286707
61,56,117,Ba,116.938499
60,57,117,La,116.950068
75,43,118,Tc,117.95148
74,44,118,Ru,117.93782
73,45,118,Rh,117.93007
72,46,118,Pd,117.9189843
71,47,118,Ag,117.9145828
70,48,118,Cd,117.9069145
69,49,118,In,117.9063544
68,50,118,Sn,117.9016032
67,51,118,Sb,117.9055287
66,52,118,Te,117.9058276
65,53,118,I,117.913074
64,54,118,Xe,117.9161787
63,55,118,Cs,117.9265595
62,56,118,Ba,117.93304
61,57,118,La,117.94673
75,44,119,Ru,118.94284
74,45,119,Rh,118.93211
73,46,119,Pd,118.92311
72,47,119,Ag,118.9156651
71,48,119,Cd,118.9099216
70,49,119,In,118.9058454
69,50,119,Sn,118.9033076
68,51,119,Sb,118.903942
67,52,119,Te,118.9064036
66,53,119,I,118.910074
65,54,119,Xe,118.9154107
64,55,119,Cs,118.9223773
63,56,119,Ba,118.9306597
62,57,119,La,118.94099
61,58,119,Ce,118.95276
76,44,120,Ru,119.94531
75,45,120,Rh,119.93641
74,46,120,Pd,119.9246919
73,47,120,Ag,119.9187874
72,48,120,Cd,119.9098501
71,49,120,In,119.9079596
70,50,120,Sn,119.9021947
69,51,120,Sb,119.9050724
68,52,120,Te,119.9040202
67,53,120,I,119.9100482
66,54,120,Xe,119.9117842
65,55,120,Cs,119.9206773
64,56,120,Ba,119.926045
63,57,120,La,119.93807
62,58,120,Ce,119.94664
76,45,121,Rh,120.93872
75,46,121,Pd,120.92887
74,47,121,Ag,120.919848
73,48,121,Cd,120.9129774
72,49,121,In,120.9078458
71,50,121,Sn,120.9042355
70,51,121,Sb,120.9038157
69,52,121,Te,120.9049364
68,53,121,I,120.9073668
67,54,121,Xe,120.9114618
66,55,121,Cs,120.9172292
65,56,121,Ba,120.9240545
64,57,121,La,120.93301
63,58,121,Ce,120.94342
62,59,121,Pr,120.955364
77,45,122,Rh,121.94321
76,46,122,Pd,121.93055
75,47,122,Ag,121.92353
74,48,122,Cd,121.9133324
73,49,122,In,121.910276
72,50,122,Sn,121.903439
71,51,122,Sb,121.9051737
70,52,122,Te,121.9030439
69,53,122,I,121.9075893
68,54,122,Xe,121.9083676
67,55,122,Cs,121.9161134
66,56,122,Ba,121.919904
65,57,122,La,121.93071
64,58,122,Ce,121.93791
63,59,122,Pr,121.95181
77,46,123,Pd,122.93493
76,47,123,Ag,122.9249
75,48,123,Cd,122.917003
74,49,123,In,122.9104383
73,50,123,Sn,122.9057208
72,51,123,Sb,122.904214
71,52,123,Te,122.90427
70,53,123,I,122.905589
69,54,123,Xe,122.9084819
68,55,123,Cs,122.912996
67,56,123,Ba,122.918781
66,57,123,La,122.92624
65,58,123,Ce,122.9354
64,59,123,Pr,122.94596
78,46,124,Pd,123.93688
77,47,124,Ag,123.92864
76,48,124,Cd,123.9176476
75,49,124,In,123.9131752
74,50,124,Sn,123.9052739
73,51,124,Sb,123.9059357
72,52,124,Te,123.9028179
71,53,124,I,123.9062099
70,54,124,Xe,123.905893
69,55,124,Cs,123.9122578
68,56,124,Ba,123.9150936
67,57,124,La,123.9245743
66,58,124,Ce,123.93041
65,59,124,Pr,123.94296
64,60,124,Nd,123.95223
78,47,125,Ag,124.93043
77,48,125,Cd,124.9212464
76,49,125,In,124.9136006
75,50,125,Sn,124.9077841
74,51,125,Sb,124.9052538
73,52,125,Te,124.9044307
72,53,125,I,124.9046302
71,54,125,Xe,124.9063955
70,55,125,Cs,124.9097283
69,56,125,Ba,124.9144729
68,57,125,La,124.920816
67,58,125,Ce,124.92844
66,59,125,Pr,124.93783
65,60,125,Nd,124.94888
79,47,126,Ag,125.9345
78,48,126,Cd,125.9223533
77,49,126,In,125.9164639
76,50,126,Sn,125.9076533
75,51,126,Sb,125.9072475
74,52,126,Te,125.9033117
73,53,126,I,125.9056242
72,54,126,Xe,125.9042736
71,55,126,Cs,125.909452
70,56,126,Ba,125.9112502
69,57,126,La,125.9195127
68,58,126,Ce,125.923971
67,59,126,Pr,125.93531
66,60,126,Nd,125.94322
65,61,126,Pm,125.95752
80,47,127,Ag,126.93677
79,48,127,Cd,126.9264439
78,49,127,In,126.9173531
77,50,127,Sn,126.91036
76,51,127,Sb,126.9069236
75,52,127,Te,126.9052263
74,53,127,I,126.9044727
73,54,127,Xe,126.9051837
72,55,127,Cs,126.9074175
71,56,127,Ba,126.9110938
70,57,127,La,126.9163754
69,58,127,Ce,126.922731
68,59,127,Pr,126.93083
67,60,127,Nd,126.9405
66,61,127,Pm,126.95163
81,47,128,Ag,127.94117
80,48,128,Cd,127.9277623
79,49,128,In,127.9201723
78,50,128,Sn,127.9105366
77,51,128,Sb,127.909169
76,52,128,Te,127.9044631
75,53,128,I,127.9058094
74,54,128,Xe,127.9035313
73,55,128,Cs,127.9077489
72,56,128,Ba,127.9083177
71,57,128,La,127.9155852
70,58,128,Ce,127.918911
69,59,128,Pr,127.928791
68,60,128,Nd,127.93539
67,61,128,Pm,127.94842
66,62,128,Sm,127.95808
82,47,129,Ag,128.94369
81,48,129,Cd,128.93215
80,49,129,In,128.921697
79,50,129,Sn,128.913479
78,51,129,Sb,128.9091484
77,52,129,Te,128.9065982
76,53,129,I,128.9049877
75,54,129,Xe,128.9047794
74,55,129,Cs,128.9060644
73,56,129,Ba,128.9086794
72,57,129,La,128.9126928
71,58,129,Ce,128.918102
70,59,129,Pr,128.925095
69,60,129,Nd,128.933188
68,61,129,Pm,128.94316
67,62,129,Sm,128.95464
83,47,130,Ag,129.950448
82,48,130,Cd,129.9339019
81,49,130,In,129.92497
80,50,130,Sn,129.9139673
79,51,130,Sb,129.9116563
78,52,130,Te,129.9062244
77,53,130,I,129.9066742
76,54,130,Xe,129.903508
75,55,130,Cs,129.9067086
74,56,130,Ba,129.9063208
73,57,130,La,129.9123687
72,58,130,Ce,129.914736
71,59,130,Pr,129.92359
70,60,130,Nd,129.928506
69,61,130,Pm,129.94045
68,62,130,Sm,129.94892
67,63,130,Eu,129.963569
83,48,131,Cd,130.94067
82,49,131,In,130.9268518
81,50,131,Sn,130.9169998
80,51,131,Sb,130.9119823
79,52,131,Te,130.9085239
78,53,131,I,130.9061246
77,54,131,Xe,130.9050824
76,55,131,Cs,130.9054639
75,56,131,Ba,130.9069411
74,57,131,La,130.91007
73,58,131,Ce,130.914422
72,59,131,Pr,130.920259
71,60,131,Nd,130.927247
70,61,131,Pm,130.93587
69,62,131,Sm,130.94611
68,63,131,Eu,130.957753
84,48,132,Cd,131.94555
83,49,132,In,131.9329903
82,50,132,Sn,131.9178157
81,51,132,Sb,131.9144669
80,52,132,Te,131.9085532
79,53,132,I,131.9079974
78,54,132,Xe,131.9041535
77,55,132,Cs,131.9064343
76,56,132,Ba,131.9050613
75,57,132,La,131.9101011
74,58,132,Ce,131.9114605
73,59,132,Pr,131.919255
72,60,132,Nd,131.9233212
71,61,132,Pm,131.93375
70,62,132,Sm,131.94069
69,63,132,Eu,131.95437
84,49,133,In,132.93781
83,50,133,Sn,132.9238292
82,51,133,Sb,132.9152516
81,52,133,Te,132.9109553
80,53,133,I,132.9077969
79,54,133,Xe,132.9059107
78,55,133,Cs,132.9054519
77,56,133,Ba,132.9060075
76,57,133,La,132.908218
75,58,133,Ce,132.911515
74,59,133,Pr,132.9163305
73,60,133,Nd,132.922348
72,61,133,Pm,132.929782
71,62,133,Sm,132.93867
70,63,133,Eu,132.94924
85,49,134,In,133.94415
84,50,134,Sn,133.9282918
83,51,134,Sb,133.9203797
82,52,134,Te,133.9113687
81,53,134,I,133.9097445
80,54,134,Xe,133.9053945
79,55,134,Cs,133.9067185
78,56,134,Ba,133.9045084
77,57,134,La,133.908514
76,58,134,Ce,133.9089248
75,59,134,Pr,133.9157117
74,60,134,Nd,133.9187902
73,61,134,Pm,133.928353
72,62,134,Sm,133.93397
71,63,134,Eu,133.94651
70,64,134,Gd,133.95537
86,49,135,In,134.94933
85,50,135,Sn,134.93473
84,51,135,Sb,134.9251658
83,52,135,Te,134.9164486
82,53,135,I,134.9100481
81,54,135,Xe,134.9072275
80,55,135,Cs,134.905977
79,56,135,Ba,134.9056886
78,57,135,La,134.9069768
77,58,135,Ce,134.9091514
76,59,135,Pr,134.9131117
75,60,135,Nd,134.9181812
74,61,135,Pm,134.924876
73,62,135,Sm,134.93252
72,63,135,Eu,134.94182
71,64,135,Gd,134.95257
86,50,136,Sn,135.93934
85,51,136,Sb,135.93035
84,52,136,Te,135.9201012
83,53,136,I,135.914654
82,54,136,Xe,135.9072188
81,55,136,Cs,135.9073116
80,56,136,Ba,135.9045759
79,57,136,La,135.9076355
78,58,136,Ce,135.9071724
77,59,136,Pr,135.9126916
76,60,136,Nd,135.914976
75,61,136,Pm,135.9235658
74,62,136,Sm,135.9282755
73,63,136,Eu,135.9396
72,64,136,Gd,135.94734
71,65,136,Tb,135.96138
87,50,137,Sn,136.94599
86,51,137,Sb,136.93531
85,52,137,Te,136.925323
84,53,137,I,136.9178708
83,54,137,Xe,136.9115621
82,55,137,Cs,136.9070895
81,56,137,Ba,136.9058274
80,57,137,La,136.9064936
79,58,137,Ce,136.9078056
78,59,137,Pr,136.9107055
77,60,137,Nd,136.9145671
76,61,137,Pm,136.9204795
75,62,137,Sm,136.9269717
74,63,137,Eu,136.93557
73,64,137,Gd,136.94502
72,65,137,Tb,136.95598
87,51,138,Sb,137.94079
86,52,138,Te,137.92922
85,53,138,I,137.9223496
84,54,138,Xe,137.9139545
83,55,138,Cs,137.9110167
82,56,138,Ba,137.9052472
81,57,138,La,137.9071119
80,58,138,Ce,137.9059913
79,59,138,Pr,137.9107546
78,60,138,Nd,137.91195
77,61,138,Pm,137.9195483
76,62,138,Sm,137.923244
75,63,138,Eu,137.933709
74,64,138,Gd,137.94012
73,65,138,Tb,137.95316
72,66,138,Dy,137.96249
88,51,139,Sb,138.94598
87,52,139,Te,138.93473
86,53,139,I,138.9260995
85,54,139,Xe,138.9187929
84,55,139,Cs,138.913364
83,56,139,Ba,138.9088413
82,57,139,La,138.9063533
81,58,139,Ce,138.9066527
80,59,139,Pr,138.9089384
79,60,139,Nd,138.9119783
78,61,139,Pm,138.9168041
77,62,139,Sm,138.9222966
76,63,139,Eu,138.9297923
75,64,139,Gd,138.93824
74,65,139,Tb,138.94829
73,66,139,Dy,138.95954
88,52,140,Te,139.93885
87,53,140,I,139.931
86,54,140,Xe,139.9216409
85,55,140,Cs,139.9172824
84,56,140,Ba,139.9106045
83,57,140,La,139.9094776
82,58,140,Ce,139.9054387
81,59,140,Pr,139.9090759
80,60,140,Nd,139.909552
79,61,140,Pm,139.9160418
78,62,140,Sm,139.9189947
77,63,140,Eu,139.9280876
76,64,140,Gd,139.933674
75,65,140,Tb,139.945805
74,66,140,Dy,139.95401
73,67,140,Ho,139.968539
89,52,141,Te,140.94465
88,53,141,I,140.93503
87,54,141,Xe,140.926648
86,55,141,Cs,140.9200458
85,56,141,Ba,140.914411
84,57,141,La,140.9109622
83,58,141,Ce,140.9082763
82,59,141,Pr,140.9076528
81,60,141,Nd,140.9096099
80,61,141,Pm,140.9135551
79,62,141,Sm,140.9184765
78,63,141,Eu,140.9249307
77,64,141,Gd,140.932126
76,65,141,Tb,140.941448
75,66,141,Dy,140.95135
74,67,141,Ho,140.963098
90,52,142,Te,141.94908
89,53,142,I,141.94018
88,54,142,Xe,141.9297096
87,55,142,Cs,141.9242989
86,56,142,Ba,141.9164534
85,57,142,La,141.9140791
84,58,142,Ce,141.9092442
83,59,142,Pr,141.9100448
82,60,142,Nd,141.9077233
81,61,142,Pm,141.9128745
80,62,142,Sm,141.9151976
79,63,142,Eu,141.9234349
78,64,142,Gd,141.928116
77,65,142,Tb,141.938744
76,66,142,Dy,141.946366
75,67,142,Ho,141.95977
90,53,143,I,142.94456
89,54,143,Xe,142.93511
88,55,143,Cs,142.9273518
87,56,143,Ba,142.9206267
86,57,143,La,142.9160627
85,58,143,Ce,142.9123859
84,59,143,Pr,142.9108169
83,60,143,Nd,142.9098143
82,61,143,Pm,142.9109326
81,62,143,Sm,142.9146283
80,63,143,Eu,142.9202975
79,64,143,Gd,142.9267495
78,65,143,Tb,142.935121
77,66,143,Dy,142.94383
76,67,143,Ho,142.95461
75,68,143,Er,142.96634
91,53,144,I,143.94999
90,54,144,Xe,143.93851
89,55,144,Cs,143.9320769
88,56,144,Ba,143.9229529
87,57,144,La,143.9195996
86,58,144,Ce,143.9136473
85,59,144,Pr,143.9133052
84,60,144,Nd,143.9100873
83,61,144,Pm,143.9125908
82,62,144,Sm,143.9119995
81,63,144,Eu,143.9188168
80,64,144,Gd,143.922963
79,65,144,Tb,143.933045
78,66,144,Dy,143.939254
77,67,144,Ho,143.95148
76,68,144,Er,143.96038
91,54,145,Xe,144.94407
90,55,145,Cs,144.9355262
89,56,145,Ba,144.927627
88,57,145,La,144.9216454
87,58,145,Ce,144.9172331
86,59,145,Pr,144.9145117
85,60,145,Nd,144.9125736
84,61,145,Pm,144.912749
83,62,145,Sm,144.9134104
82,63,145,Eu,144.9162652
81,64,145,Gd,144.9217093
80,65,145,Tb,144.929274
79,66,145,Dy,144.937425
78,67,145,Ho,144.9472
77,68,145,Er,144.95739
76,69,145,Tm,144.970073
92,54,146,Xe,145.94775
91,55,146,Cs,145.9402894
90,56,146,Ba,145.9302196
89,57,146,La,145.9257935
88,58,146,Ce,145.918759
87,59,146,Pr,145.9176443
86,60,146,Nd,145.9131169
85,61,146,Pm,145.9146963
84,62,146,Sm,145.9130409
83,63,146,Eu,145.9172058
82,64,146,Gd,145.9183106
81,65,146,Tb,145.9272466
80,66,146,Dy,145.9328454
79,67,146,Ho,145.94464
78,68,146,Er,145.952
77,69,146,Tm,145.966425
93,54,147,Xe,146.95356
92,55,147,Cs,146.944155
91,56,147,Ba,146.934945
90,57,147,La,146.9282353
89,58,147,Ce,146.922674
88,59,147,Pr,146.918996
87,60,147,Nd,146.9161004
86,61,147,Pm,146.9151385
85,62,147,Sm,146.9148979
84,63,147,Eu,146.9167461
83,64,147,Gd,146.9190944
82,65,147,Tb,146.9240446
81,66,147,Dy,146.9310915
80,67,147,Ho,146.940056
79,68,147,Er,146.94949
78,69,147,Tm,146.960961
93,55,148,Cs,147.9492182
92,56,148,Ba,147.93772
91,57,148,La,147.9322289
90,58,148,Ce,147.9244324
89,59,148,Pr,147.922135
88,60,148,Nd,147.9168933
87,61,148,Pm,147.9174746
86,62,148,Sm,147.9148227
85,63,148,Eu,147.9180859
84,64,148,Gd,147.9181145
83,65,148,Tb,147.9242717
82,66,148,Dy,147.9271498
81,67,148,Ho,147.937718
80,68,148,Er,147.94455
79,69,148,Tm,147.95784
78,70,148,Yb,147.96742
94,55,149,Cs,148.95293
93,56,149,Ba,148.94258
92,57,149,La,148.934734
91,58,149,Ce,148.9283999
90,59,149,Pr,148.9237177
89,60,149,Nd,148.9201488
88,61,149,Pm,148.9183342
87,62,149,Sm,148.9171847
86,63,149,Eu,148.9179312
85,64,149,Gd,148.9193409
84,65,149,Tb,148.9232459
83,66,149,Dy,148.9273048
82,67,149,Ho,148.9337748
81,68,149,Er,148.942306
80,69,149,Tm,148.95272
79,70,149,Yb,148.96404
95,55,150,Cs,149.95817
94,56,150,Ba,149.94568
93,57,150,La,149.93877
92,58,150,Ce,149.9304089
91,59,150,Pr,149.926673
90,60,150,Nd,149.9208909
89,61,150,Pm,149.9209836
88,62,150,Sm,149.9172755
87,63,150,Eu,149.9197018
86,64,150,Gd,149.9186589
85,65,150,Tb,149.9236597
84,66,150,Dy,149.9255852
83,67,150,Ho,149.9334962
82,68,150,Er,149.9379138
81,69,150,Tm,149.94996
80,70,150,Yb,149.95842
79,71,150,Lu,149.973228
96,55,151,Cs,150.96219
95,56,151,Ba,150.95081
94,57,151,La,150.94172
93,58,151,Ce,150.9339762
92,59,151,Pr,150.9283186
91,60,151,Nd,150.9238289
90,61,151,Pm,150.921207
89,62,151,Sm,150.9199324
88,63,151,Eu,150.9198502
87,64,151,Gd,150.9203485
86,65,151,Tb,150.9231025
85,66,151,Dy,150.9261846
84,67,151,Ho,150.9316881
83,68,151,Er,150.9374489
82,69,151,Tm,150.9454835
81,70,151,Yb,150.9554008
80,71,151,Lu,150.967577
96,56,152,Ba,151.95427
95,57,152,La,151.94625
94,58,152,Ce,151.93654
93,59,152,Pr,151.9314992
92,60,152,Nd,151.9246822
91,61,152,Pm,151.9234968
90,62,152,Sm,151.9197324
89,63,152,Eu,151.9217445
88,64,152,Gd,151.919791
87,65,152,Tb,151.9240744
86,66,152,Dy,151.9247183
85,67,152,Ho,151.9317137
84,68,152,Er,151.9350504
83,69,152,Tm,151.944422
82,70,152,Yb,151.9502889
81,71,152,Lu,151.96412
97,56,153,Ba,152.95961
96,57,153,La,152.94962
95,58,153,Ce,152.94058
94,59,153,Pr,152.9338389
93,60,153,Nd,152.9276982
92,61,153,Pm,152.9241169
91,62,153,Sm,152.9220974
90,63,153,Eu,152.9212303
89,64,153,Gd,152.9217495
88,65,153,Tb,152.9234346
87,66,153,Dy,152.9257647
86,67,153,Ho,152.9301988
85,68,153,Er,152.9350635
84,69,153,Tm,152.9420121
83,70,153,Yb,152.94948
82,71,153,Lu,152.9587673
81,72,153,Hf,152.97069
97,57,154,La,153.9545
96,58,154,Ce,153.94342
95,59,154,Pr,153.9375182
94,60,154,Nd,153.9294773
93,61,154,Pm,153.9264639
92,62,154,Sm,153.9222093
91,63,154,Eu,153.9229792
90,64,154,Gd,153.9208656
89,65,154,Tb,153.924678
88,66,154,Dy,153.9244245
87,67,154,Ho,153.9306016
86,68,154,Er,153.9327831
85,69,154,Tm,153.9415678
84,70,154,Yb,153.9463939
83,71,154,Lu,153.957522
82,72,154,Hf,153.96486
98,57,155,La,154.95835
97,58,155,Ce,154.94804
96,59,155,Pr,154.94012
95,60,155,Nd,154.932932
94,61,155,Pm,154.9281013
93,62,155,Sm,154.9246402
92,63,155,Eu,154.9228933
91,64,155,Gd,154.922622
90,65,155,Tb,154.9235052
89,66,155,Dy,154.9257538
88,67,155,Ho,154.9291035
87,68,155,Er,154.9332089
86,69,155,Tm,154.9391995
85,70,155,Yb,154.9457823
84,71,155,Lu,154.9543162
83,72,155,Hf,154.96339
82,73,155,Ta,154.974592
98,58,156,Ce,155.95126
97,59,156,Pr,155.94427
96,60,156,Nd,155.9350181
95,61,156,Pm,155.9310567
94,62,156,Sm,155.9255279
93,63,156,Eu,155.9247522
92,64,156,Gd,155.9221227
91,65,156,Tb,155.9247472
90,66,156,Dy,155.9242831
89,67,156,Ho,155.929839
88,68,156,Er,155.9310647
87,69,156,Tm,155.9389799
86,70,156,Yb,155.9428182
85,71,156,Lu,155.9530325
84,72,156,Hf,155.959364
83,73,156,Ta,155.972303
99,58,157,Ce,156.95634
98,59,157,Pr,156.94743
97,60,157,Nd,156.93903
96,61,157,Pm,156.9330394
95,62,157,Sm,156.9283587
94,63,157,Eu,156.9254236
93,64,157,Gd,156.9239601
92,65,157,Tb,156.9240246
91,66,157,Dy,156.9254661
90,67,157,Ho,156.9282562
89,68,157,Er,156.931916
88,69,157,Tm,156.936973
87,70,157,Yb,156.9426278
86,71,157,Lu,156.9500983
85,72,157,Hf,156.958396
84,73,157,Ta,156.9681924
99,59,158,Pr,157.95198
98,60,158,Nd,157.9416
97,61,158,Pm,157.9365614
96,62,158,Sm,157.9299913
95,63,158,Eu,157.9278453
94,64,158,Gd,157.9241039
93,65,158,Tb,157.9254131
92,66,158,Dy,157.9244095
91,67,158,Ho,157.928941
90,68,158,Er,157.9298935
89,69,158,Tm,157.9369795
88,70,158,Yb,157.9398656
87,71,158,Lu,157.9493133
86,72,158,Hf,157.9547994
85,73,158,Ta,157.966699
84,74,158,W,157.974562
100,59,159,Pr,158.9555
99,60,159,Nd,158.94609
98,61,159,Pm,158.93897
97,62,159,Sm,158.9332113
96,63,159,Eu,158.9290889
95,64,159,Gd,158.9263887
94,65,159,Tb,158.9253468
93,66,159,Dy,158.9257392
92,67,159,Ho,158.927712
91,68,159,Er,158.9306841
90,69,159,Tm,158.934975
89,70,159,Yb,158.9400501
88,71,159,Lu,158.9466288
87,72,159,Hf,158.9539949
86,73,159,Ta,158.9630182
85,74,159,W,158.972918
100,60,160,Nd,159.94909
99,61,160,Pm,159.94299
98,62,160,Sm,159.93514
97,63,160,Eu,159.931971
96,64,160,Gd,159.9270541
95,65,160,Tb,159.9271676
94,66,160,Dy,159.9251975
93,67,160,Ho,159.9287295
92,68,160,Er,159.9290833
91,69,160,Tm,159.9352628
90,70,160,Yb,159.9375523
89,71,160,Lu,159.946033
88,72,160,Hf,159.9506844
87,73,160,Ta,159.9614861
86,74,160,W,159.9684788
85,75,160,Re,159.982115
101,60,161,Nd,160.95388
100,61,161,Pm,160.94586
99,62,161,Sm,160.93883
98,63,161,Eu,160.93368
97,64,161,Gd,160.9296692
96,65,161,Tb,160.9275699
95,66,161,Dy,160.9269334
94,67,161,Ho,160.9278548
93,68,161,Er,160.9299953
92,69,161,Tm,160.933549
91,70,161,Yb,160.9379017
90,71,161,Lu,160.943572
89,72,161,Hf,160.9502748
88,73,161,Ta,160.958417
87,74,161,W,160.967357
86,75,161,Re,160.9775891
101,61,162,Pm,161.95029
100,62,162,Sm,161.94122
99,63,162,Eu,161.93704
98,64,162,Gd,161.9309848
97,65,162,Tb,161.9294882
96,66,162,Dy,161.9267984
95,67,162,Ho,161.9290955
94,68,162,Er,161.9287783
93,69,162,Tm,161.9339947
92,70,162,Yb,161.9357682
91,71,162,Lu,161.9432773
90,72,162,Hf,161.9472105
89,73,162,Ta,161.9572919
88,74,162,W,161.9634974
87,75,162,Re,161.976002
86,76,162,Os,161.984431
102,61,163,Pm,162.95368
101,62,163,Sm,162.94536
100,63,163,Eu,162.93921
99,64,163,Gd,162.93399
98,65,163,Tb,162.9306475
97,66,163,Dy,162.9287312
96,67,163,Ho,162.9287339
95,68,163,Er,162.9300327
94,69,163,Tm,162.9326511
93,70,163,Yb,162.9363343
92,71,163,Lu,162.941179
91,72,163,Hf,162.947089
90,73,163,Ta,162.9543303
89,74,163,W,162.9625235
88,75,163,Re,162.9720805
87,76,163,Os,162.98269
102,62,164,Sm,163.94828
101,63,164,Eu,163.94299
100,64,164,Gd,163.93586
99,65,164,Tb,163.9333508
98,66,164,Dy,163.9291748
97,67,164,Ho,163.9302335
96,68,164,Er,163.9292002
95,69,164,Tm,163.93356
94,70,164,Yb,163.9344894
93,71,164,Lu,163.941339
92,72,164,Hf,163.9443673
91,73,164,Ta,163.953534
90,74,164,W,163.9589544
89,75,164,Re,163.970323
88,76,164,Os,163.9780356
87,77,164,Ir,163.992201
103,62,165,Sm,164.95298
102,63,165,Eu,164.94572
101,64,165,Gd,164.93938
100,65,165,Tb,164.93488
99,66,165,Dy,164.9317033
98,67,165,Ho,164.9303221
97,68,165,Er,164.930726
96,69,165,Tm,164.9324355
95,70,165,Yb,164.935279
94,71,165,Lu,164.9394067
93,72,165,Hf,164.944567
92,73,165,Ta,164.9507725
91,74,165,W,164.9582799
90,75,165,Re,164.9670886
89,76,165,Os,164.976762
88,77,165,Ir,164.98752
103,63,166,Eu,165.94997
102,64,166,Gd,165.9416
101,65,166,Tb,165.937992
100,66,166,Dy,165.9328067
99,67,166,Ho,165.9322842
98,68,166,Er,165.9302931
97,69,166,Tm,165.9335541
96,70,166,Yb,165.933882
95,71,166,Lu,165.939859
94,72,166,Hf,165.94218
93,73,166,Ta,165.950512
92,74,166,W,165.9550273
91,75,166,Re,165.965808
90,76,166,Os,165.9726908
89,77,166,Ir,165.985824
88,78,166,Pt,165.994855
104,63,167,Eu,166.95321
103,64,167,Gd,166.94557
102,65,167,Tb,166.94005
101,66,167,Dy,166.9356555
100,67,167,Ho,166.9331326
99,68,167,Er,166.9320482
98,69,167,Tm,166.9328516
97,70,167,Yb,166.9349496
96,71,167,Lu,166.93827
95,72,167,Hf,166.9426
94,73,167,Ta,166.948093
93,74,167,W,166.954816
92,75,167,Re,166.962601
91,76,167,Os,166.971548
90,77,167,Ir,166.9816652
89,78,167,Pt,166.992979
104,64,168,Gd,167.94836
103,65,168,Tb,167.94364
102,66,168,Dy,167.9371288
101,67,168,Ho,167.9355157
100,68,168,Er,167.9323702
99,69,168,Tm,167.9341728
98,70,168,Yb,167.9338969
97,71,168,Lu,167.9387391
96,72,168,Hf,167.940568
95,73,168,Ta,167.948047
94,74,168,W,167.9518084
93,75,168,Re,167.9615726
92,76,168,Os,167.9678037
91,77,168,Ir,167.979881
90,78,168,Pt,167.9881507
105,64,169,Gd,168.95287
104,65,169,Tb,168.94622
103,66,169,Dy,168.9403076
102,67,169,Ho,168.9368723
101,68,169,Er,168.9345904
100,69,169,Tm,168.9342133
99,70,169,Yb,168.9351898
98,71,169,Lu,168.9376514
97,72,169,Hf,168.941259
96,73,169,Ta,168.946011
95,74,169,W,168.9517788
94,75,169,Re,168.9587911
93,76,169,Os,168.9670193
92,77,169,Ir,168.9762949
91,78,169,Pt,168.986715
90,79,169,Au,168.99808
105,65,170,Tb,169.95025
104,66,170,Dy,169.94239
103,67,170,Ho,169.9396189
102,68,170,Er,169.9354643
101,69,170,Tm,169.9358014
100,70,170,Yb,169.9347618
99,71,170,Lu,169.938475
98,72,170,Hf,169.939609
97,73,170,Ta,169.946175
96,74,170,W,169.9492285
95,75,170,Re,169.9582201
94,76,170,Os,169.963577
93,77,170,Ir,169.974965
92,78,170,Pt,169.9824953
91,79,170,Au,169.996122
106,65,171,Tb,170.9533
105,66,171,Dy,170.9462
104,67,171,Ho,170.9414652
103,68,171,Er,170.9380298
102,69,171,Tm,170.9364294
101,70,171,Yb,170.9363258
100,71,171,Lu,170.9379131
99,72,171,Hf,170.940492
98,73,171,Ta,170.944476
97,74,171,W,170.949451
96,75,171,Re,170.955716
95,76,171,Os,170.9631848
94,77,171,Ir,170.971626
93,78,171,Pt,170.9812445
92,79,171,Au,170.9918789
91,80,171,Hg,171.00376
106,66,172,Dy,171.94876
105,67,172,Ho,171.94482
104,68,172,Er,171.9393561
103,69,172,Tm,171.9384
102,70,172,Yb,171.9363815
101,71,172,Lu,171.9390857
100,72,172,Hf,171.9394483
99,73,172,Ta,171.944895
98,74,172,W,171.947292
97,75,172,Re,171.955423
96,76,172,Os,171.9600233
95,77,172,Ir,171.970456
94,78,172,Pt,171.9773471
93,79,172,Au,171.990035
92,80,172,Hg,171.9988327
107,66,173,Dy,172.953
106,67,173,Ho,172.94729
105,68,173,Er,172.9424
104,69,173,Tm,172.9396036
103,70,173,Yb,172.9382108
102,71,173,Lu,172.9389306
101,72,173,Hf,172.940513
100,73,173,Ta,172.94375
99,74,173,W,172.947689
98,75,173,Re,172.953243
97,76,173,Os,172.9598084
96,77,173,Ir,172.9675017
95,78,173,Pt,172.9764448
94,79,173,Au,172.9862374
93,80,173,Hg,172.997242
107,67,174,Ho,173.95115
106,68,174,Er,173.94423
105,69,174,Tm,173.9421686
104,70,174,Yb,173.9388621
103,71,174,Lu,173.9403375
102,72,174,Hf,173.9400462
101,73,174,Ta,173.944454
100,74,174,W,173.946079
99,75,174,Re,173.953115
98,76,174,Os,173.9570622
97,77,174,Ir,173.966861
96,78,174,Pt,173.9728188
95,79,174,Au,173.984761
94,80,174,Hg,173.9928637
108,67,175,Ho,174.95405
107,68,175,Er,174.94777
106,69,175,Tm,174.9438369
105,70,175,Yb,174.9412765
104,71,175,Lu,174.9407718
103,72,175,Hf,174.9415092
102,73,175,Ta,174.943737
101,74,175,W,174.946717
100,75,175,Re,174.951381
99,76,175,Os,174.9569458
98,77,175,Ir,174.9641129
97,78,175,Pt,174.9724206
96,79,175,Au,174.9812741
95,80,175,Hg,174.9914233
108,68,176,Er,175.95008
107,69,176,Tm,175.9469947
106,70,176,Yb,175.9425717
105,71,176,Lu,175.9426863
104,72,176,Hf,175.9414086
103,73,176,Ta,175.944857
102,74,176,W,175.945634
101,75,176,Re,175.951623
100,76,176,Os,175.954806
99,77,176,Ir,175.9636487
98,78,176,Pt,175.9689446
97,79,176,Au,175.980099
96,80,176,Hg,175.9873546
95,81,176,Tl,176.00059
109,68,177,Er,176.95405
108,69,177,Tm,176.94904
107,70,177,Yb,176.9452608
106,71,177,Lu,176.9437581
105,72,177,Hf,176.9432207
104,73,177,Ta,176.9444724
103,74,177,W,176.946643
102,75,177,Re,176.950328
101,76,177,Os,176.9549653
100,77,177,Ir,176.9613015
99,78,177,Pt,176.9684695
98,79,177,Au,176.9768649
97,80,177,Hg,176.9862792
96,81,177,Tl,176.9964273
109,69,178,Tm,177.95264
108,70,178,Yb,177.9466467
107,71,178,Lu,177.9459546
106,72,178,Hf,177.9436988
105,73,178,Ta,177.9457782
104,74,178,W,177.9458762
103,75,178,Re,177.950989
102,76,178,Os,177.9532512
101,77,178,Ir,177.961082
100,78,178,Pt,177.9656487
99,79,178,Au,177.9760319
98,80,178,Hg,177.9824831
97,81,178,Tl,177.994897
96,82,178,Pb,178.0038302
110,69,179,Tm,178.95534
109,70,179,Yb,178.95017
108,71,179,Lu,178.9473274
107,72,179,Hf,178.9458161
106,73,179,Ta,178.9459295
105,74,179,W,178.9470704
104,75,179,Re,178.9499876
103,76,179,Os,178.953816
102,77,179,Ir,178.9591223
101,78,179,Pt,178.9653634
100,79,179,Au,178.9732128
99,80,179,Hg,178.9818339
98,81,179,Tl,178.9910891
97,82,179,Pb,179.00215
110,70,180,Yb,179.95233
109,71,180,Lu,179.9498812
108,72,180,Hf,179.94655
107,73,180,Ta,179.9474648
106,74,180,W,179.9467045
105,75,180,Re,179.9507891
104,76,180,Os,179.9523788
103,77,180,Ir,179.9592294
102,78,180,Pt,179.9630315
101,79,180,Au,179.9725211
100,80,180,Hg,179.9782664
99,81,180,Tl,179.989906
98,82,180,Pb,179.9979182
111,70,181,Yb,180.95615
110,71,181,Lu,180.95197
109,72,181,Hf,180.9491012
108,73,181,Ta,180.9479958
107,74,181,W,180.9481972
106,75,181,Re,180.9500679
105,76,181,Os,180.953244
104,77,181,Ir,180.9576253
103,78,181,Pt,180.9630973
102,79,181,Au,180.970079
101,80,181,Hg,180.9778193
100,81,181,Tl,180.9862574
99,82,181,Pb,180.996624
111,71,182,Lu,181.95504
110,72,182,Hf,181.9505541
109,73,182,Ta,181.9501518
108,74,182,W,181.9482042
107,75,182,Re,181.9512101
106,76,182,Os,181.9521102
105,77,182,Ir,181.9580763
104,78,182,Pt,181.9611707
103,79,182,Au,181.9696179
102,80,182,Hg,181.97469
101,81,182,Tl,181.9856671
100,82,182,Pb,181.9926718
112,71,183,Lu,182.95757
111,72,183,Hf,182.9535304
110,73,183,Ta,182.9513726
109,74,183,W,182.950223
108,75,183,Re,182.9508198
107,76,183,Os,182.9531261
106,77,183,Ir,182.9568465
105,78,183,Pt,182.9615967
104,79,183,Au,182.967593
103,80,183,Hg,182.9744498
102,81,183,Tl,182.9821928
101,82,183,Pb,182.9918746
113,71,184,Lu,183.96091
112,72,184,Hf,183.9554465
111,73,184,Ta,183.954008
110,74,184,W,183.9509312
109,75,184,Re,183.9525208
108,76,184,Os,183.9524891
107,77,184,Ir,183.957476
106,78,184,Pt,183.9599223
105,79,184,Au,183.9674515
104,80,184,Hg,183.9717131
103,81,184,Tl,183.9818731
102,82,184,Pb,183.9881423
101,83,184,Bi,184.001124
113,72,185,Hf,184.95882
112,73,185,Ta,184.9555594
111,74,185,W,184.9534193
110,75,185,Re,184.952955
109,76,185,Os,184.9540423
108,77,185,Ir,184.956698
107,78,185,Pt,184.960619
106,79,185,Au,184.9657894
105,80,185,Hg,184.9718991
104,81,185,Tl,184.9787913
103,82,185,Pb,184.9876099
102,83,185,Bi,184.997625
114,72,186,Hf,185.96089
113,73,186,Ta,185.958552
112,74,186,W,185.9543641
111,75,186,Re,185.9549861
110,76,186,Os,185.9538382
109,77,186,Ir,185.9579461
108,78,186,Pt,185.9593508
107,79,186,Au,185.9659527
106,80,186,Hg,185.9693618
105,81,186,Tl,185.978325
104,82,186,Pb,185.9842389
103,83,186,Bi,185.9965976
115,72,187,Hf,186.96459
114,73,187,Ta,186.96053
113,74,187,W,186.9571605
112,75,187,Re,186.9557531
111,76,187,Os,186.9557505
110,77,187,Ir,186.9573634
109,78,187,Pt,186.960587
108,79,187,Au,186.9645675
107,80,187,Hg,186.9698142
106,81,187,Tl,186.9759059
105,82,187,Pb,186.9839184
104,83,187,Bi,186.9931578
116,72,188,Hf,187.96685
115,73,188,Ta,187.9637
114,74,188,W,187.9584891
113,75,188,Re,187.9581144
112,76,188,Os,187.9558382
111,77,188,Ir,187.9588531
110,78,188,Pt,187.9593954
109,79,188,Au,187.9653237
108,80,188,Hg,187.967577
107,81,188,Tl,187.9760098
106,82,188,Pb,187.9808743
105,83,188,Bi,187.9922652
104,84,188,Po,187.999422
116,73,189,Ta,188.96583
115,74,189,W,188.9619129
114,75,189,Re,188.959229
113,76,189,Os,188.9581475
112,77,189,Ir,188.9587189
111,78,189,Pt,188.9608337
110,79,189,Au,188.9639483
109,80,189,Hg,188.96819
108,81,189,Tl,188.9735884
107,82,189,Pb,188.980807
106,83,189,Bi,188.989199
105,84,189,Po,188.9984806
117,73,190,Ta,189.96923
116,74,190,W,189.9631814
115,75,190,Re,189.961818
114,76,190,Os,189.958447
113,77,190,Ir,189.960546
112,78,190,Pt,189.9599317
111,79,190,Au,189.9647003
110,80,190,Hg,189.9663224
109,81,190,Tl,189.9738771
108,82,190,Pb,189.9780815
107,83,190,Bi,189.9882951
106,84,190,Po,189.9951012
117,74,191,W,190.9666
116,75,191,Re,190.9631252
115,76,191,Os,190.9609297
114,77,191,Ir,190.960594
113,78,191,Pt,190.9616767
112,79,191,Au,190.9637042
111,80,191,Hg,190.9671571
110,81,191,Tl,190.9717862
109,82,191,Pb,190.978265
108,83,191,Bi,190.9857861
107,84,191,Po,190.9945745
118,74,192,W,191.96817
117,75,192,Re,191.96596
116,76,192,Os,191.9614807
115,77,192,Ir,191.962605
114,78,192,Pt,191.961038
113,79,192,Au,191.964813
112,80,192,Hg,191.9656343
111,81,192,Tl,191.972225
110,82,192,Pb,191.9757852
109,83,192,Bi,191.985458
108,84,192,Po,191.9913351
118,75,193,Re,192.96747
117,76,193,Os,192.9641516
116,77,193,Ir,192.9629264
115,78,193,Pt,192.9629874
114,79,193,Au,192.9641497
113,80,193,Hg,192.9666654
112,81,193,Tl,192.970672
111,82,193,Pb,192.9761732
110,83,193,Bi,192.9829598
109,84,193,Po,192.9910253
108,85,193,At,192.9998431
119,75,194,Re,193.97042
118,76,194,Os,193.9651821
117,77,194,Ir,193.9650784
116,78,194,Pt,193.9626803
115,79,194,Au,193.9653653
114,80,194,Hg,193.9654394
113,81,194,Tl,193.9712
112,82,194,Pb,193.9740121
111,83,194,Bi,193.982834
110,84,194,Po,193.9881856
109,85,194,At,193.9987251
119,76,195,Os,194.9681267
118,77,195,Ir,194.9659796
117,78,195,Pt,194.9647911
116,79,195,Au,194.9650346
115,80,195,Hg,194.9667201
114,81,195,Tl,194.9697743
113,82,195,Pb,194.9745421
112,83,195,Bi,194.9806507
111,84,195,Po,194.9881107
110,85,195,At,194.9962681
109,86,195,Rn,195.0054377
120,76,196,Os,195.9696393
119,77,196,Ir,195.9683965
118,78,196,Pt,195.9649515
117,79,196,Au,195.9665698
116,80,196,Hg,195.9658326
115,81,196,Tl,195.9704812
114,82,196,Pb,195.9727741
113,83,196,Bi,195.9806665
112,84,196,Po,195.9855346
111,85,196,At,195.9957881
110,86,196,Rn,196.0021152
120,77,197,Ir,196.9696533
119,78,197,Pt,196.9673402
118,79,197,Au,196.9665687
117,80,197,Hg,196.9672129
116,81,197,Tl,196.9695745
115,82,197,Pb,196.9734311
114,83,197,Bi,196.9788645
113,84,197,Po,196.9856596
112,85,197,At,196.9931892
111,86,197,Rn,197.0015844
121,77,198,Ir,197.97228
120,78,198,Pt,197.9678928
119,79,198,Au,197.9682423
118,80,198,Hg,197.966769
117,81,198,Tl,197.9704835
116,82,198,Pb,197.972034
115,83,198,Bi,197.979206
114,84,198,Po,197.9833886
113,85,198,At,197.9928372
112,86,198,Rn,197.9986787
122,77,199,Ir,198.9738046
121,78,199,Pt,198.9705931
120,79,199,Au,198.9687652
119,80,199,Hg,198.9682799
118,81,199,Tl,198.969877
117,82,199,Pb,198.9729167
116,83,199,Bi,198.977672
115,84,199,Po,198.9836661
114,85,199,At,198.9905323
113,86,199,Rn,198.9983703
112,87,199,Fr,199.0072581
122,78,200,Pt,199.9714407
121,79,200,Au,199.9707256
120,80,200,Hg,199.968326
119,81,200,Tl,199.9709627
118,82,200,Pb,199.9718267
117,83,200,Bi,199.9781318
116,84,200,Po,199.9817986
115,85,200,At,199.9903513
114,86,200,Rn,199.9956993
113,87,200,Fr,200.0065725
123,78,201,Pt,200.9745129
122,79,201,Au,200.9716572
121,80,201,Hg,200.9703023
120,81,201,Tl,200.9708189
119,82,201,Pb,200.9728845
118,83,201,Bi,200.977009
117,84,201,Po,200.9822598
116,85,201,At,200.988417
115,86,201,Rn,200.9956283
114,87,201,Fr,201.0038609
124,78,202,Pt,201.97574
123,79,202,Au,201.9738058
122,80,202,Hg,201.970643
121,81,202,Tl,201.9721058
120,82,202,Pb,201.9721591
119,83,202,Bi,201.9777423
118,84,202,Po,201.9807575
117,85,202,At,201.9886302
116,86,202,Rn,201.9932635
115,87,202,Fr,202.0033728
114,88,202,Ra,202.0098907
124,79,203,Au,202.9751545
123,80,203,Hg,202.9728725
122,81,203,Tl,202.9723442
121,82,203,Pb,202.9733905
120,83,203,Bi,202.976876
119,84,203,Po,202.9814201
118,85,203,At,202.986942
117,86,203,Rn,202.9933867
116,87,203,Fr,203.0009246
115,88,203,Ra,203.0092716
125,79,204,Au,203.977724
124,80,204,Hg,203.9734939
123,81,204,Tl,203.9738635
122,82,204,Pb,203.9730436
121,83,204,Bi,203.9778127
120,84,204,Po,203.9803181
119,85,204,At,203.9872513
118,86,204,Rn,203.9914287
117,87,204,Fr,204.0006532
116,88,204,Ra,204.0064997
126,79,205,Au,204.97987
125,80,205,Hg,204.9760734
124,81,205,Tl,204.9744275
123,82,205,Pb,204.9744818
122,83,205,Bi,204.9773894
121,84,205,Po,204.9812033
120,85,205,At,204.9860745
119,86,205,Rn,204.9917188
118,87,205,Fr,204.998594
117,88,205,Ra,205.0062686
126,80,206,Hg,205.9775141
125,81,206,Tl,205.9761103
124,82,206,Pb,205.9744653
123,83,206,Bi,205.9784991
122,84,206,Po,205.9804811
121,85,206,At,205.986667
120,86,206,Rn,205.9902141
119,87,206,Fr,205.9986661
118,88,206,Ra,206.0038273
117,89,206,Ac,206.014505
127,80,207,Hg,206.9825885
126,81,207,Tl,206.9774194
125,82,207,Pb,206.9758969
124,83,207,Bi,206.9784707
123,84,207,Po,206.9815932
122,85,207,At,206.9857835
121,86,207,Rn,206.9907342
120,87,207,Fr,206.9969494
119,88,207,Ra,207.0037981
118,89,207,Ac,207.0119497
128,80,208,Hg,207.98594
127,81,208,Tl,207.9820187
126,82,208,Pb,207.9766521
125,83,208,Bi,207.9797422
124,84,208,Po,207.9812457
123,85,208,At,207.98659
122,86,208,Rn,207.9896425
121,87,208,Fr,207.9971388
120,88,208,Ra,208.0018399
119,89,208,Ac,208.0115516
129,80,209,Hg,208.99104
128,81,209,Tl,208.985359
127,82,209,Pb,208.9810901
126,83,209,Bi,208.9803987
125,84,209,Po,208.9824304
124,85,209,At,208.9861731
123,86,209,Rn,208.9904147
122,87,209,Fr,208.9959536
121,88,209,Ra,209.0019914
120,89,209,Ac,209.0094949
119,90,209,Th,209.0177157
130,80,210,Hg,209.99451
129,81,210,Tl,209.9900737
128,82,210,Pb,209.9841885
127,83,210,Bi,209.9841204
126,84,210,Po,209.9828737
125,85,210,At,209.9871477
124,86,210,Rn,209.9896962
123,87,210,Fr,209.9964077
122,88,210,Ra,210.000495
121,89,210,Ac,210.009436
120,90,210,Th,210.0150753
130,81,211,Tl,210.993477
129,82,211,Pb,210.988737
128,83,211,Bi,210.9872695
127,84,211,Po,210.9866532
126,85,211,At,210.9874963
125,86,211,Rn,210.9906005
124,87,211,Fr,210.9955365
123,88,211,Ra,211.000898
122,89,211,Ac,211.0077348
121,90,211,Th,211.0149284
131,81,212,Tl,211.998228
130,82,212,Pb,211.9918975
129,83,212,Bi,211.9912857
128,84,212,Po,211.988868
127,85,212,At,211.9907448
126,86,212,Rn,211.9907035
125,87,212,Fr,211.9962022
124,88,212,Ra,211.9997945
123,89,212,Ac,212.0078138
122,90,212,Th,212.0129803
121,91,212,Pa,212.0232041
131,82,213,Pb,212.9965815
130,83,213,Bi,212.9943847
129,84,213,Po,212.9928573
128,85,213,At,212.9929366
127,86,213,Rn,212.9938827
126,87,213,Fr,212.9961891
125,88,213,Ra,213.000384
124,89,213,Ac,213.0066076
123,90,213,Th,213.0130101
122,91,213,Pa,213.0211093
132,82,214,Pb,213.9998054
131,83,214,Bi,213.9987115
130,84,214,Po,213.9952014
129,85,214,At,213.9963717
128,86,214,Rn,213.9953626
127,87,214,Fr,213.9989711
126,88,214,Ra,214.0001079
125,89,214,Ac,214.0069018
124,90,214,Th,214.0114998
123,91,214,Pa,214.0209184
133,82,215,Pb,215.004807
132,83,215,Bi,215.0017698
131,84,215,Po,214.99942
130,85,215,At,214.9986526
129,86,215,Rn,214.9987455
128,87,215,Fr,215.0003415
127,88,215,Ra,215.0027198
126,89,215,Ac,215.0064536
125,90,215,Th,215.0117303
124,91,215,Pa,215.0191859
133,83,216,Bi,216.0063059
132,84,216,Po,216.001915
131,85,216,At,216.0024233
130,86,216,Rn,216.0002744
129,87,216,Fr,216.003198
128,88,216,Ra,216.003533
127,89,216,Ac,216.0087201
126,90,216,Th,216.0110621
125,91,216,Pa,216.0191096
134,83,217,Bi,217.00947
133,84,217,Po,217.0063348
132,85,217,At,217.0047188
131,86,217,Rn,217.0039277
130,87,217,Fr,217.004632
129,88,217,Ra,217.0063203
128,89,217,Ac,217.0093469
127,90,217,Th,217.0131143
126,91,217,Pa,217.018324
125,92,217,U,217.0243688
135,83,218,Bi,218.014316
134,84,218,Po,218.008973
133,85,218,At,218.0086943
132,86,218,Rn,218.0056013
131,87,218,Fr,218.0075783
130,88,218,Ra,218.0071402
129,89,218,Ac,218.0116415
128,90,218,Th,218.0132845
127,91,218,Pa,218.0200419
126,92,218,U,218.0235357
135,84,219,Po,219.013744
134,85,219,At,219.0111617
133,86,219,Rn,219.0094802
132,87,219,Fr,219.0092521
131,88,219,Ra,219.0100851
130,89,219,Ac,219.0124204
129,90,219,Th,219.0155369
128,91,219,Pa,219.0198831
127,92,219,U,219.0249192
136,84,220,Po,220.016602
135,85,220,At,220.0154077
134,86,220,Rn,220.011394
133,87,220,Fr,220.0123274
132,88,220,Ra,220.0110284
131,89,220,Ac,220.014763
130,90,220,Th,220.0157478
129,91,220,Pa,220.0218753
128,92,220,U,220.024723
136,85,221,At,221.01805
135,86,221,Rn,221.0155368
134,87,221,Fr,221.0142548
133,88,221,Ra,221.0139173
132,89,221,Ac,221.0155912
131,90,221,Th,221.0181837
130,91,221,Pa,221.021878
129,92,221,U,221.026399
137,85,222,At,222.02233
136,86,222,Rn,222.0175777
135,87,222,Fr,222.0175517
134,88,222,Ra,222.0153745
133,89,222,Ac,222.0178439
132,90,222,Th,222.0184681
131,91,222,Pa,222.023742
130,92,222,U,222.026086
138,85,223,At,223.02519
137,86,223,Rn,223.02179
136,87,223,Fr,223.0197359
135,88,223,Ra,223.0185022
134,89,223,Ac,223.0191375
133,90,223,Th,223.0208114
132,91,223,Pa,223.0239623
131,92,223,U,223.0277386
138,86,224,Rn,224.02409
137,87,224,Fr,224.02325
136,88,224,Ra,224.0202118
135,89,224,Ac,224.0217229
134,90,224,Th,224.0214669
133,91,224,Pa,224.0256257
132,92,224,U,224.0276048
139,86,225,Rn,225.02844
138,87,225,Fr,225.0255654
137,88,225,Ra,225.0236116
136,89,225,Ac,225.0232296
135,90,225,Th,225.023951
134,91,225,Pa,225.0261307
133,92,225,U,225.0293907
132,93,225,Np,225.0339139
140,86,226,Rn,226.03089
139,87,226,Fr,226.0293862
138,88,226,Ra,226.0254098
137,89,226,Ac,226.0260981
136,90,226,Th,226.0249031
135,91,226,Pa,226.0279478
134,92,226,U,226.0293387
133,93,226,Np,226.035145
141,86,227,Rn,227.035407
140,87,227,Fr,227.0318359
139,88,227,Ra,227.0291778
138,89,227,Ac,227.0277521
137,90,227,Th,227.0277041
136,91,227,Pa,227.0288051
135,92,227,U,227.0311564
134,93,227,Np,227.0349568
142,86,228,Rn,228.037986
141,87,228,Fr,228.035729
140,88,228,Ra,228.0310703
139,89,228,Ac,228.0310211
138,90,228,Th,228.0287411
137,91,228,Pa,228.0310514
136,92,228,U,228.031374
135,93,228,Np,228.03618
134,94,228,Pu,228.0387423
142,87,229,Fr,229.0384502
141,88,229,Ra,229.0349576
140,89,229,Ac,229.0330152
139,90,229,Th,229.0317624
138,91,229,Pa,229.0320968
137,92,229,U,229.0335059
136,93,229,Np,229.0362638
135,94,229,Pu,229.0401502
143,87,230,Fr,230.04251
142,88,230,Ra,230.0370564
141,89,230,Ac,230.0362942
140,90,230,Th,230.0331338
139,91,230,Pa,230.0345408
138,92,230,U,230.0339398
137,93,230,Np,230.0378276
136,94,230,Pu,230.0396499
144,87,231,Fr,231.04544
143,88,231,Ra,231.04122
142,89,231,Ac,231.0385588
141,90,231,Th,231.0363043
140,91,231,Pa,231.035884
139,92,231,U,231.0362937
138,93,231,Np,231.0382451
137,94,231,Pu,231.0411011
136,95,231,Am,231.04556
145,87,232,Fr,232.049772
144,88,232,Ra,232.043638
143,89,232,Ac,232.0420274
142,90,232,Th,232.0380553
141,91,232,Pa,232.0385916
140,92,232,U,232.0371562
139,93,232,Np,232.040108
138,94,232,Pu,232.0411871
137,95,232,Am,232.04659
145,88,233,Ra,233.04806
144,89,233,Ac,233.04455
143,90,233,Th,233.0415818
142,91,233,Pa,233.0402473
141,92,233,U,233.0396352
140,93,233,Np,233.0407405
139,94,233,Pu,233.0429974
138,95,233,Am,233.046348
137,96,233,Cm,233.0507712
146,88,234,Ra,234.050704
145,89,234,Ac,234.04842
144,90,234,Th,234.0436012
143,91,234,Pa,234.0433081
142,92,234,U,234.0409521
141,93,234,Np,234.042895
140,94,234,Pu,234.0433171
139,95,234,Am,234.047809
138,96,234,Cm,234.0501598
146,89,235,Ac,235.051232
145,90,235,Th,235.0475101
144,91,235,Pa,235.0454436
143,92,235,U,235.0439299
142,93,235,Np,235.0440633
141,94,235,Pu,235.0452861
140,95,235,Am,235.047946
139,96,235,Cm,235.051434
138,97,235,Bk,235.05658
147,89,236,Ac,236.055296
146,90,236,Th,236.04987
145,91,236,Pa,236.0486813
144,92,236,U,236.045568
143,93,236,Np,236.0465696
142,94,236,Pu,236.046058
141,95,236,Am,236.049579
140,96,236,Cm,236.051413
139,97,236,Bk,236.05733
147,90,237,Th,237.053894
146,91,237,Pa,237.0511457
145,92,237,U,237.0487302
144,93,237,Np,237.0481734
143,94,237,Pu,237.0484097
142,95,237,Am,237.049996
141,96,237,Cm,237.052901
140,97,237,Bk,237.057003
139,98,237,Cf,237.06207
148,90,238,Th,238.056496
147,91,238,Pa,238.0545027
146,92,238,U,238.0507882
145,93,238,Np,238.0509464
144,94,238,Pu,238.0495599
143,95,238,Am,238.0519843
142,96,238,Cm,238.0530287
141,97,238,Bk,238.058281
140,98,238,Cf,238.06141
148,91,239,Pa,239.05726
147,92,239,U,239.0542933
146,93,239,Np,239.052939
145,94,239,Pu,239.0521634
144,95,239,Am,239.0530245
143,96,239,Cm,239.054957
142,97,239,Bk,239.058279
141,98,239,Cf,239.062422
149,91,240,Pa,240.06098
148,92,240,U,240.056592
147,93,240,Np,240.0561622
146,94,240,Pu,240.0538135
145,95,240,Am,240.0553002
144,96,240,Cm,240.0555295
143,97,240,Bk,240.059759
142,98,240,Cf,240.062302
141,99,240,Es,240.06892
149,92,241,U,241.06033
148,93,241,Np,241.0582524
147,94,241,Pu,241.0568515
146,95,241,Am,241.0568291
145,96,241,Cm,241.057653
144,97,241,Bk,241.06023
143,98,241,Cf,241.063726
142,99,241,Es,241.068538
150,92,242,U,242.062931
149,93,242,Np,242.0616412
148,94,242,Pu,242.0587426
147,95,242,Am,242.0595492
146,96,242,Cm,242.0588358
145,97,242,Bk,242.061981
144,98,242,Cf,242.0637016
143,99,242,Es,242.069745
142,100,242,Fm,242.07343
150,93,243,Np,243.064279
149,94,243,Pu,243.0620031
148,95,243,Am,243.0613811
147,96,243,Cm,243.0613891
146,97,243,Bk,243.0630076
145,98,243,Cf,243.065427
144,99,243,Es,243.069548
143,100,243,Fm,243.074353
151,93,244,Np,244.06785
150,94,244,Pu,244.0642039
149,95,244,Am,244.0642848
148,96,244,Cm,244.0627526
147,97,244,Bk,244.0651808
146,98,244,Cf,244.0660007
145,99,244,Es,244.070883
144,100,244,Fm,244.074084
151,94,245,Pu,245.0677472
150,95,245,Am,245.0664521
149,96,245,Cm,245.0654912
148,97,245,Bk,245.0663616
147,98,245,Cf,245.0680486
146,99,245,Es,245.071324
145,100,245,Fm,245.075385
144,101,245,Md,245.080829
152,94,246,Pu,246.0702046
151,95,246,Am,246.0697746
150,96,246,Cm,246.0672237
149,97,246,Bk,246.0686729
148,98,246,Cf,246.0688053
147,99,246,Es,246.072896
146,100,246,Fm,246.075299
145,101,246,Md,246.081886
153,94,247,Pu,247.07407
152,95,247,Am,247.072093
151,96,247,Cm,247.0703535
150,97,247,Bk,247.0703071
149,98,247,Cf,247.0710006
148,99,247,Es,247.073656
147,100,247,Fm,247.076847
146,101,247,Md,247.081635
153,95,248,Am,248.075752
152,96,248,Cm,248.0723485
151,97,248,Bk,248.073086
150,98,248,Cf,248.0721849
149,99,248,Es,248.075471
148,100,248,Fm,248.0771947
147,101,248,Md,248.082823
146,102,248,No,248.086596
154,95,249,Am,249.07848
153,96,249,Cm,249.0759534
152,97,249,Bk,249.0749867
151,98,249,Cf,249.0748535
150,99,249,Es,249.076411
149,100,249,Fm,249.079034
148,101,249,Md,249.083013
147,102,249,No,249.087833
154,96,250,Cm,250.078357
153,97,250,Bk,250.0783165
152,98,250,Cf,250.0764061
151,99,250,Es,250.078612
150,100,250,Fm,250.0795213
149,101,250,Md,250.08442
148,102,250,No,250.08751
155,96,251,Cm,251.0822846
154,97,251,Bk,251.0807602
153,98,251,Cf,251.0795868
152,99,251,Es,251.0799921
151,100,251,Fm,251.081575
150,101,251,Md,251.084839
149,102,251,No,251.089012
148,103,251,Lr,251.09436
156,96,252,Cm,252.08487
155,97,252,Bk,252.08431
154,98,252,Cf,252.0816258
153,99,252,Es,252.0829785
152,100,252,Fm,252.0824669
151,101,252,Md,252.08656
150,102,252,No,252.0889765
149,103,252,Lr,252.095371
156,97,253,Bk,253.08688
155,98,253,Cf,253.0851331
154,99,253,Es,253.0848247
153,100,253,Fm,253.0851852
152,101,253,Md,253.08728
151,102,253,No,253.090678
150,103,253,Lr,253.09521
149,104,253,Rf,253.100689
157,97,254,Bk,254.0906
156,98,254,Cf,254.0873229
155,99,254,Es,254.088022
154,100,254,Fm,254.0868542
153,101,254,Md,254.089656
152,102,254,No,254.0909553
151,103,254,Lr,254.096454
150,104,254,Rf,254.100184
157,98,255,Cf,255.091046
156,99,255,Es,255.0902731
155,100,255,Fm,255.0899622
154,101,255,Md,255.0910827
153,102,255,No,255.0932411
152,103,255,Lr,255.096681
151,104,255,Rf,255.10134
150,105,255,Db,255.107398
158,98,256,Cf,256.09344
157,99,256,Es,256.093598
156,100,256,Fm,256.0917731
155,101,256,Md,256.094059
154,102,256,No,256.0942827
153,103,256,Lr,256.098629
152,104,256,Rf,256.1011662
151,105,256,Db,256.108127
158,99,257,Es,257.095979
157,100,257,Fm,257.0951047
156,101,257,Md,257.0955414
155,102,257,No,257.0968772
154,103,257,Lr,257.099555
153,104,257,Rf,257.10299
152,105,257,Db,257.107722
159,99,258,Es,258.09952
158,100,258,Fm,258.097076
157,101,258,Md,258.0984313
156,102,258,No,258.098207
155,103,258,Lr,258.101814
154,104,258,Rf,258.103489
153,105,258,Db,258.109231
152,106,258,Sg,258.113168
159,100,259,Fm,259.100595
158,101,259,Md,259.100509
157,102,259,No,259.101031
156,103,259,Lr,259.102901
155,104,259,Rf,259.105637
154,105,259,Db,259.10961
153,106,259,Sg,259.1145
160,100,260,Fm,260.102678
159,101,260,Md,260.103652
158,102,260,No,260.102643
157,103,260,Lr,260.105504
156,104,260,Rf,260.10644
155,105,260,Db,260.1113
154,106,260,Sg,260.1144221
153,107,260,Bh,260.12197
160,101,261,Md,261.105721
159,102,261,No,261.105749
158,103,261,Lr,261.106883
157,104,261,Rf,261.1087666
156,105,261,Db,261.112056
155,106,261,Sg,261.116117
154,107,261,Bh,261.121664
161,101,262,Md,262.108865
160,102,262,No,262.107301
159,103,262,Lr,262.109634
158,104,262,Rf,262.109925
157,105,262,Db,262.114084
156,106,262,Sg,262.116398
155,107,262,Bh,262.122892
161,102,263,No,263.110552
160,103,263,Lr,263.111293
159,104,263,Rf,263.112547
158,105,263,Db,263.114988
157,106,263,Sg,263.118322
156,107,263,Bh,263.123035
155,108,263,Hs,263.128558
162,102,264,No,264.112345
161,103,264,Lr,264.114038
160,104,264,Rf,264.113985
159,105,264,Db,264.117404
158,106,264,Sg,264.118931
157,107,264,Bh,264.124604
156,108,264,Hs,264.1283949
162,103,265,Lr,265.115839
161,104,265,Rf,265.16704
160,105,265,Db,265.118601
159,106,265,Sg,265.1211147
158,107,265,Bh,265.125147
157,108,265,Hs,265.130085
156,109,265,Mt,265.136151
163,103,266,Lr,266.119305
162,104,266,Rf,266.117956
161,105,266,Db,266.121029
160,106,266,Sg,266.122065
159,107,266,Bh,266.126942
158,108,266,Hs,266.130097
157,109,266,Mt,266.137299
163,104,267,Rf,267.121529
162,105,267,Db,267.122377
161,106,267,Sg,267.124425
160,107,267,Bh,267.12765
159,108,267,Hs,267.131789
158,109,267,Mt,267.137307
157,110,267,Ea,267.144341
164,104,268,Rf,268.123644
163,105,268,Db,268.125445
162,106,268,Sg,268.125606
161,107,268,Bh,268.129755
160,108,268,Hs,268.132162
159,109,268,Mt,268.138728
158,110,268,Ea,268.143795
164,105,269,Db,269.12746
163,106,269,Sg,269.128755
162,107,269,Bh,269.130694
161,108,269,Hs,269.134056
160,109,269,Mt,269.139055
159,110,269,Ea,269.145124
165,105,270,Db,270.130712
164,106,270,Sg,270.130329
163,107,270,Bh,270.133616
162,108,270,Hs,270.13465
161,109,270,Mt,270.140657
160,110,270,Ea,270.14472
165,106,271,Sg,271.133472
164,107,271,Bh,271.135179
163,108,271,Hs,271.137657
162,109,271,Mt,271.141139
161,110,271,Ea,271.146062
166,106,272,Sg,272.135158
165,107,272,Bh,272.138032
164,108,272,Hs,272.139052
163,109,272,Mt,272.143738
162,110,272,Ea,272.146317
161,111,272,Eb,272.153615
167,106,273,Sg,273.13822
166,107,273,Bh,273.139618
165,108,273,Hs,273.141986
164,109,273,Mt,273.144913
163,110,273,Ea,273.148863
162,111,273,Eb,273.153682
167,107,274,Bh,274.14244
166,108,274,Hs,274.143131
165,109,274,Mt,274.147492
164,110,274,Ea,274.149492
163,111,274,Eb,274.155713
168,107,275,Bh,275.14425
167,108,275,Hs,275.145952
166,109,275,Mt,275.148647
165,110,275,Ea,275.152176
164,111,275,Eb,275.156142
168,108,276,Hs,276.147208
167,109,276,Mt,276.151156
166,110,276,Ea,276.153034
165,111,276,Eb,276.158493
169,108,277,Hs,277.149841
168,109,277,Mt,277.15242
167,110,277,Ea,277.155647
166,111,277,Eb,277.159519
165,112,277,,277.163943
169,109,278,,278.154812
168,110,278,,278.156469
167,111,278,,278.161604
166,112,278,,278.164312
170,109,279,,279.156193
169,110,279,,279.158861
168,111,279,,279.162468
167,112,279,,279.166546
170,110,280,,280.159795
169,111,280,,280.164473
168,112,280,,280.167039
171,110,281,,281.162061
170,111,281,,281.165372
169,112,281,,281.169286
171,111,282,,282.167486
170,112,282,,282.169765
172,111,283,,283.168415
171,112,283,,283.171792
170,113,283,,283.176451
172,112,284,,284.172384
171,113,284,,284.17808
173,112,285,,285.174105
172,113,285,,285.178732
